"Series Data"
"C:\Users\user\Google ¶³ºÝµwºÐ\¬v¬yÆ[´ú¤ÀªR_1082\cr2252001_000000.LTA"
"Broadband 153.6 kHz"
"Pings/Ens ="	30
"Time/Ping = 00:05.00"
"First Ensemble Date = 17/07/21"
"First Ensemble Time = 15:55:15.07"
"Ensemble Interval (s) = "	300.01
"1st Bin Range (m) = "	7.99
"Bin Size (m) ="	4.00


Ens	YR	MO	DA	HH	MM	SS	HH		    "FLat"	    "FLon"	    "LLat"	    "LLon"
									     "deg"	     "deg"	     "deg"	     "deg"
								

1	17	07	21	15	55	15	07		25.49728165	122.26299497	25.50153832	122.26586670
2	17	07	21	16	00	15	08		25.50154335	122.26585831	25.50334336	122.26286002
3	17	07	21	16	05	15	08		25.50334998	122.26284837	25.50552165	122.25919168
4	17	07	21	16	10	25	07		25.50553003	122.25918163	25.50755837	122.25566500
5	17	07	21	16	15	25	05		25.50755669	122.25562837	25.50892001	122.23764667
6	17	07	21	16	20	25	06		25.50892336	122.23758498	25.51053663	122.22879496
7	17	07	21	16	25	25	06		25.51054166	122.22877996	25.51282170	122.22440335
8	17	07	21	16	30	25	06		25.51283000	122.22438835	25.51553668	122.22027166
9	17	07	21	16	35	15	07		25.51554834	122.22025665	25.51881501	122.21583336
10	17	07	21	16	40	25	06		25.51882667	122.21582003	25.52263834	122.21130503
11	17	07	21	16	45	25	04		25.52264999	122.21128835	25.52523664	122.20615502
12	17	07	21	16	50	25	05		25.52524335	122.20613834	25.52711997	122.20151497
13	17	07	21	16	55	25	05		25.52712500	122.20149837	25.52766169	122.19965670
14	17	07	21	17	00	25	05		25.52764837	122.19968000	25.52259668	122.20809166
15	17	07	21	17	05	25	05		25.52257832	122.20812167	25.51753837	122.21662830
16	17	07	21	17	10	25	05		25.51751833	122.21665336	25.51191671	122.22473335
17	17	07	21	17	15	25	03		25.51189835	122.22476168	25.50690165	122.23343334
18	17	07	21	17	20	25	03		25.50688497	122.23346503	25.50133497	122.24226502
19	17	07	21	17	25	25	04		25.50131503	122.24229335	25.49514829	122.25180832
20	17	07	21	17	30	25	04		25.49512834	122.25184168	25.49537502	122.25561831
21	17	07	21	17	35	25	04		25.49538835	122.25562166	25.49425336	122.25545000
22	17	07	21	17	40	25	04		25.49424665	122.25545000	25.49330503	122.25592165
23	17	07	21	17	45	25	02		25.49330167	122.25592501	25.49288333	122.25615333
24	17	07	21	17	50	25	02		25.49288333	122.25615165	25.49546999	122.25650830
25	17	07	21	17	55	25	03		25.49547837	122.25651165	25.49804332	122.25843002
26	17	07	21	18	00	25	03		25.49805002	122.25843497	25.49941837	122.25830496
27	17	07	21	18	05	25	03		25.49942331	122.25830496	25.50177829	122.25763500
28	17	07	21	18	10	25	01		25.50178835	122.25762997	25.50258002	122.25599164
29	17	07	21	18	15	25	01		25.50257332	122.25599164	25.50097497	122.25616498
30	17	07	21	18	20	25	01		25.50097497	122.25616330	25.50088998	122.25621670
31	17	07	21	18	25	25	01		25.50088998	122.25621670	25.50003000	122.25608837
32	17	07	21	18	30	25	02		25.50002497	122.25608669	25.49891663	122.25609331
33	17	07	21	18	35	25	02		25.49891336	122.25609499	25.49753169	122.25602668
34	17	07	21	18	40	25	00		25.49752666	122.25602500	25.49618664	122.25600170
35	17	07	21	18	45	25	00		25.49618497	122.25600170	25.49505835	122.25607663
36	17	07	21	18	50	25	00		25.49505500	122.25607663	25.49379998	122.25595669
37	17	07	21	18	55	25	00		25.49379830	122.25595334	25.49248670	122.25580330
38	17	07	21	19	00	25	00		25.49248335	122.25580330	25.49140166	122.25581336
39	17	07	21	19	05	25	01		25.49139831	122.25581336	25.49060337	122.25524163
40	17	07	21	19	10	24	09		25.49060170	122.25524004	25.49627666	122.25072831
41	17	07	21	19	15	24	09		25.49632503	122.25070333	25.51144330	122.24327831
42	17	07	21	19	20	24	09		25.51149501	122.24325165	25.52306497	122.23707167
43	17	07	21	19	25	24	09		25.52308165	122.23707335	25.52738836	122.23735004
44	17	07	21	19	30	24	09		25.52740336	122.23735004	25.53167168	122.23714334
45	17	07	21	19	35	25	00		25.53168501	122.23714334	25.53550330	122.23669834
46	17	07	21	19	40	24	08		25.53551663	122.23669499	25.53910500	122.23676330
47	17	07	21	19	45	24	08		25.53909830	122.23676498	25.53001835	122.23547668
48	17	07	21	19	50	24	08		25.52998499	122.23546830	25.52037003	122.23358329
49	17	07	21	19	55	24	08		25.52034496	122.23358329	25.52142832	122.23105665
50	17	07	21	20	00	24	08		25.52143830	122.23105171	25.53251666	122.22985829
51	17	07	21	20	05	24	08		25.53257165	122.22985997	25.54909003	122.23054670
52	17	07	21	20	10	24	07		25.54914334	122.23054837	25.56489335	122.23105498
53	17	07	21	20	15	24	07		25.56494499	122.23105665	25.58076331	122.23245668
54	17	07	21	20	20	24	07		25.58081671	122.23246163	25.59664669	122.23244830
55	17	07	21	20	25	24	07		25.59669832	122.23244671	25.61244330	122.23353996
56	17	07	21	20	30	24	07		25.61249502	122.23355002	25.61873334	122.23475332
57	17	07	21	20	35	24	07		25.61874331	122.23475500	25.62128169	122.23481669
58	17	07	21	20	40	24	05		25.62128998	122.23481837	25.62393171	122.23503831
59	17	07	21	20	45	20	01		25.62394168	122.23503831	25.61866670	122.23499003
60	17	07	21	20	50	20	01		25.61862999	122.23498332	25.61592003	122.23324165
61	17	07	21	20	55	20	01		25.61592330	122.23323829	25.61754168	122.23265332
62	17	07	21	21	00	20	01		25.61754663	122.23265165	25.61367335	122.23234998
63	17	07	21	21	05	20	02		25.61363337	122.23235669	25.60152663	122.23353334
64	17	07	21	21	10	20	00		25.60148497	122.23353669	25.59110834	122.23313168
65	17	07	21	21	15	20	00		25.59110164	122.23312832	25.58993169	122.23278500
66	17	07	21	21	20	20	00		25.58989665	122.23279171	25.58375498	122.23366334
67	17	07	21	21	25	20	00		25.58375498	122.23366669	25.58477498	122.23445836
68	17	07	21	21	30	20	00		25.58478001	122.23446163	25.58529331	122.23863666
69	17	07	21	21	35	20	00		25.58528669	122.23863834	25.58549498	122.23550996
70	17	07	21	21	40	19	09		25.58549331	122.23546998	25.58495837	122.22739837
71	17	07	21	21	45	19	09		25.58495670	122.22739669	25.58567335	122.22743668
72	17	07	21	21	50	19	09		25.58567670	122.22743835	25.58030667	122.22499670
73	17	07	21	21	55	19	09		25.58026669	122.22499000	25.56787170	122.22399498
74	17	07	21	22	00	19	09		25.56782836	122.22399331	25.55520999	122.22335829
75	17	07	21	22	05	19	09		25.55516666	122.22335503	25.54240001	122.22251331
76	17	07	21	22	10	19	08		25.54235836	122.22250669	25.53084665	122.21839998
77	17	07	21	22	15	19	08		25.53081002	122.21837668	25.52073665	122.21084503
78	17	07	21	22	20	19	08		25.52070170	122.21081997	25.51196666	122.20252667
79	17	07	21	22	25	19	08		25.51193666	122.20250001	25.50329668	122.19391996
80	17	07	21	22	30	19	08		25.50327002	122.19389331	25.49472501	122.18618003
81	17	07	21	22	35	19	06		25.49469835	122.18615497	25.48781170	122.17955832
82	17	07	21	22	40	19	06		25.48779837	122.17955832	25.48792996	122.17956503
83	17	07	21	22	45	19	07		25.48793332	122.17956168	25.49010163	122.18192663
84	17	07	21	22	50	19	07		25.49010834	122.18193501	25.49174163	122.18380166
85	17	07	21	22	55	19	07		25.49174666	122.18380669	25.49331500	122.18546170
86	17	07	21	23	00	19	07		25.49332003	122.18546832	25.49515835	122.18815497
87	17	07	21	23	05	19	05		25.49516497	122.18816168	25.49636501	122.19196832
88	17	07	21	23	10	19	05		25.49634330	122.19200830	25.49225335	122.19925169
89	17	07	21	23	15	19	05		25.49225670	122.19925663	25.49357333	122.20113167
90	17	07	21	23	20	19	06		25.49358004	122.20113837	25.49507336	122.20360667
91	17	07	21	23	25	19	06		25.49507830	122.20361330	25.49645335	122.20544332
92	17	07	21	23	30	19	06		25.49645830	122.20545002	25.49776663	122.20746830
93	17	07	21	23	35	19	04		25.49776998	122.20747165	25.49862335	122.20890169
94	17	07	21	23	40	19	04		25.49861664	122.20889834	25.49106832	122.21786664
95	17	07	21	23	45	19	04		25.49103831	122.21790335	25.48182165	122.22850830
96	17	07	21	23	50	19	05		25.48179332	122.22854166	25.47303163	122.23861001
97	17	07	21	23	55	19	05		25.47300163	122.23864336	25.46394498	122.24872998
98	17	07	22	00	00	19	05		25.46391665	122.24876669	25.45540332	122.25898666
99	17	07	22	00	05	19	03		25.45537499	122.25901835	25.45061667	122.26444337
100	17	07	22	00	10	19	03		25.45060669	122.26444999	25.45187663	122.26652669
101	17	07	22	00	15	19	03		25.45188837	122.26653331	25.45511666	122.26855829
102	17	07	22	00	20	19	03		25.45512663	122.26856500	25.45794169	122.27075167
103	17	07	22	00	25	19	04		25.45795167	122.27075829	25.46065668	122.27248832
104	17	07	22	00	30	19	04		25.46066330	122.27249502	25.46279666	122.27389497
105	17	07	22	00	35	19	02		25.46280496	122.27390000	25.46512834	122.27517329
106	17	07	22	00	40	19	02		25.46513831	122.27517664	25.46789998	122.27664331
107	17	07	22	00	45	19	02		25.46791004	122.27664834	25.46114501	122.27728335
108	17	07	22	00	50	19	02		25.46110670	122.27728335	25.44936164	122.27715997
109	17	07	22	00	55	19	03		25.44932334	122.27715829	25.43790333	122.27717497
110	17	07	22	01	00	19	01		25.43786502	122.27717330	25.42659497	122.27684665
111	17	07	22	01	05	19	01		25.42655834	122.27684498	25.41563999	122.27685336
112	17	07	22	01	10	19	01		25.41560336	122.27685504	25.40755170	122.27610670
113	17	07	22	01	15	19	01		25.40754332	122.27609999	25.40643666	122.27629001
114	17	07	22	01	20	19	01		25.40643666	122.27628834	25.40858000	122.27597837
115	17	07	22	01	25	19	01		25.40858997	122.27598164	25.41088334	122.27752165
116	17	07	22	01	30	19	00		25.41088837	122.27752165	25.41313170	122.27742501
117	17	07	22	01	35	19	00		25.41314000	122.27742501	25.41544335	122.27787503
118	17	07	22	01	40	19	00		25.41545165	122.27787671	25.41784996	122.27856168
119	17	07	22	01	45	19	00		25.41785834	122.27856335	25.41987671	122.27893333
120	17	07	22	01	50	19	00		25.41988333	122.27893501	25.42167169	122.27942334
121	17	07	22	01	55	19	00		25.42167664	122.27942501	25.42337330	122.28023169
122	17	07	22	02	00	18	08		25.42337833	122.28023504	25.42493502	122.28075329
123	17	07	22	02	05	18	09		25.42494164	122.28075329	25.42678331	122.28186163
124	17	07	22	02	10	18	09		25.42679002	122.28186834	25.42876337	122.28364832
125	17	07	22	02	15	18	09		25.42876999	122.28365335	25.42255330	122.29057663
126	17	07	22	02	20	18	09		25.42252170	122.29060496	25.41305669	122.29892668
127	17	07	22	02	25	18	09		25.41302668	122.29895501	25.40400331	122.30666997
128	17	07	22	02	30	18	07		25.40397498	122.30669830	25.39496167	122.31449833
129	17	07	22	02	35	18	08		25.39493166	122.31452499	25.38590334	122.32252333
130	17	07	22	02	40	18	08		25.38586998	122.32254663	25.37671502	122.33029168
131	17	07	22	02	45	18	08		25.37668501	122.33032001	25.36741337	122.33825834
132	17	07	22	02	50	18	08		25.36738168	122.33828332	25.35785498	122.34670504
133	17	07	22	02	55	18	08		25.35782330	122.34673337	25.35306330	122.35254832
134	17	07	22	03	00	18	06		25.35306171	122.35255997	25.35532331	122.35486164
135	17	07	22	03	05	18	06		25.35533664	122.35486499	25.35895837	122.35639167
136	17	07	22	03	10	18	07		25.35896835	122.35639829	25.36170336	122.35832001
137	17	07	22	03	15	18	07		25.36171334	122.35832663	25.36420997	122.36003830
138	17	07	22	03	20	18	07		25.36421835	122.36004333	25.36658163	122.36130003
139	17	07	22	03	25	18	05		25.36659001	122.36130330	25.36854836	122.36240837
140	17	07	22	03	30	18	05		25.36855498	122.36241164	25.37030169	122.36352836
141	17	07	22	03	35	18	05		25.37030831	122.36353163	25.37223003	122.36446336
142	17	07	22	03	40	18	05		25.37223665	122.36446830	25.37411830	122.36580170
143	17	07	22	03	45	18	06		25.37412501	122.36580664	25.37599836	122.36737498
144	17	07	22	03	50	18	06		25.37600331	122.36738001	25.37785831	122.36900166
145	17	07	22	03	55	18	04		25.37786669	122.36900669	25.37769503	122.37257671
146	17	07	22	04	00	18	04		25.37765664	122.37259833	25.36650837	122.38084830
147	17	07	22	04	05	18	04		25.36647166	122.38087663	25.35583000	122.38860668
148	17	07	22	04	10	18	04		25.35579496	122.38863165	25.34507333	122.39657996
149	17	07	22	04	15	18	05		25.34503503	122.39660670	25.33443167	122.40423499
150	17	07	22	04	20	18	05		25.33439504	122.40426164	25.32358666	122.41187333
151	17	07	22	04	25	18	03		25.32355171	122.41189663	25.31290334	122.41897834
152	17	07	22	04	30	18	03		25.31286830	122.41900164	25.30252336	122.42585334
153	17	07	22	04	35	18	03		25.30249000	122.42587664	25.29565170	122.43047504
154	17	07	22	04	40	18	03		25.29565665	122.43047998	25.29880833	122.43124668
155	17	07	22	04	45	18	03		25.29881830	122.43125003	25.30183503	122.43171833
156	17	07	22	04	50	18	04		25.30184501	122.43172000	25.30452336	122.43184833
157	17	07	22	04	55	18	02		25.30453166	122.43185000	25.30707666	122.43186333
158	17	07	22	05	00	18	02		25.30708504	122.43186166	25.30902671	122.43152663
159	17	07	22	05	05	18	02		25.30903165	122.43152504	25.31081004	122.43117166
160	17	07	22	05	10	18	02		25.31081666	122.43117166	25.31259337	122.43083336
161	17	07	22	05	15	18	02		25.31259832	122.43083336	25.31433664	122.43078165
162	17	07	22	05	20	18	03		25.31434335	122.43078165	25.31617999	122.43070663
163	17	07	22	05	25	18	01		25.31618670	122.43070663	25.31815502	122.43119664
164	17	07	22	05	30	18	01		25.31813004	122.43120996	25.30750665	122.43672668
165	17	07	22	05	35	18	01		25.30747170	122.43674504	25.29661001	122.44230333
166	17	07	22	05	40	18	01		25.29657329	122.44232001	25.28631167	122.44697833
167	17	07	22	05	45	18	01		25.28627831	122.44699334	25.27640333	122.45172668
168	17	07	22	05	50	17	09		25.27636997	122.45174169	25.26670497	122.45695330
169	17	07	22	05	55	18	00		25.26667337	122.45697166	25.25742000	122.46229333
170	17	07	22	06	00	18	00		25.25738832	122.46231169	25.25074666	122.46594164
171	17	07	22	06	05	18	00		25.25073669	122.46594164	25.25414335	122.46798665
172	17	07	22	06	10	18	00		25.25415835	122.46799001	25.25840663	122.46911670
173	17	07	22	06	15	18	00		25.25842164	122.46912668	25.25988336	122.47148165
174	17	07	22	06	20	17	08		25.25988830	122.47148836	25.26154499	122.47334336
175	17	07	22	06	25	17	08		25.26155001	122.47334998	25.26307669	122.47517003
176	17	07	22	06	30	17	09		25.26307996	122.47517665	25.26430666	122.47680668
177	17	07	22	06	35	17	09		25.26431001	122.47681171	25.26572663	122.47823504
178	17	07	22	06	40	17	09		25.26573334	122.47823998	25.26709498	122.47950330
179	17	07	22	06	45	17	09		25.26710001	122.47950666	25.26847498	122.48079998
180	17	07	22	06	50	17	07		25.26848000	122.48080334	25.26978498	122.48239498
181	17	07	22	06	55	17	07		25.26979001	122.48240168	25.27127336	122.48414663
182	17	07	22	07	00	17	08		25.27127663	122.48415166	25.26235669	122.48894501
183	17	07	22	07	05	17	08		25.26232333	122.48896169	25.25240670	122.49382337
184	17	07	22	07	10	17	08		25.25237502	122.49383996	25.24293004	122.49858999
185	17	07	22	07	15	17	06		25.24289835	122.49860499	25.23321331	122.50339835
186	17	07	22	07	20	17	06		25.23318004	122.50341168	25.22316668	122.50665832
187	17	07	22	07	25	17	06		25.22313332	122.50666997	25.21306833	122.51034670
188	17	07	22	07	30	17	06		25.21303330	122.51036329	25.20287502	122.51564163
189	17	07	22	07	35	17	07		25.20284166	122.51565504	25.19696167	122.51975496
190	17	07	22	07	40	17	07		25.19697499	122.51976670	25.20129000	122.52229334
191	17	07	22	07	45	17	05		25.20130333	122.52229996	25.20498499	122.52412168
192	17	07	22	07	50	17	05		25.20499832	122.52412663	25.20865836	122.52588834
193	17	07	22	07	55	17	05		25.20867001	122.52589496	25.21134837	122.52861329
194	17	07	22	08	00	17	05		25.21134837	122.52862168	25.21197667	122.53100331
195	17	07	22	08	05	17	05		25.21198003	122.53101169	25.21311837	122.53308169
196	17	07	22	08	10	17	06		25.21312332	122.53308831	25.21471336	122.53489997
197	17	07	22	08	15	17	04		25.21471831	122.53490668	25.21644833	122.53653503
198	17	07	22	08	20	17	04		25.21645504	122.53653998	25.21812002	122.53816665
199	17	07	22	08	25	17	04		25.21812497	122.53817336	25.21947663	122.54016498
200	17	07	22	08	30	17	04		25.21948166	122.54017169	25.22111831	122.54197665
201	17	07	22	08	35	17	04		25.22112502	122.54198167	25.22276167	122.54352001
202	17	07	22	08	40	17	05		25.22276670	122.54352663	25.22480669	122.54525171
203	17	07	22	08	45	17	03		25.22481498	122.54525665	25.22789500	122.54669331
204	17	07	22	08	50	17	03		25.22790665	122.54669834	25.23191831	122.54576166
205	17	07	22	08	55	17	03		25.23194497	122.54572503	25.23864998	122.53334831
206	17	07	22	09	00	17	03		25.23867169	122.53330666	25.24441171	122.52042837
207	17	07	22	09	05	17	03		25.24443165	122.52038503	25.25000830	122.50730331
208	17	07	22	09	10	17	03		25.25002666	122.50725998	25.25549334	122.49402998
209	17	07	22	09	15	17	02		25.25551169	122.49398665	25.26092498	122.48059496
210	17	07	22	09	20	17	02		25.26094333	122.48054836	25.26605168	122.46694336
211	17	07	22	09	25	17	02		25.26606836	122.46689835	25.27077665	122.45309335
212	17	07	22	09	30	17	02		25.27079500	122.45304834	25.27547336	122.43915165
213	17	07	22	09	35	17	02		25.27549331	122.43910496	25.28105504	122.42533836
214	17	07	22	09	40	17	00		25.28107163	122.42529167	25.28689496	122.41188163
215	17	07	22	09	45	17	00		25.28691667	122.41183670	25.29306832	122.39856496
216	17	07	22	09	50	17	01		25.29308667	122.39852004	25.29901000	122.38552834
217	17	07	22	09	55	17	01		25.29902835	122.38548333	25.30471170	122.37204337
218	17	07	22	10	00	17	01		25.30472998	122.37199835	25.31045498	122.35867666
219	17	07	22	10	05	17	01		25.31047502	122.35863165	25.31676169	122.34576166
220	17	07	22	10	10	16	09		25.31678500	122.34571832	25.32244337	122.33280835
221	17	07	22	10	15	16	09		25.32246164	122.33276334	25.32873499	122.31998337
222	17	07	22	10	20	17	00		25.32875829	122.31994171	25.33533499	122.30725503
223	17	07	22	10	25	17	00		25.33535334	122.30721169	25.34107835	122.29880330
224	17	07	22	10	30	17	00		25.34108832	122.29881001	25.34272330	122.30015337
225	17	07	22	10	35	17	00		25.34272833	122.30015497	25.34343165	122.30065168
226	17	07	22	10	40	16	08		25.34343333	122.30065336	25.34399332	122.30074497
227	17	07	22	10	45	16	08		25.34399332	122.30074497	25.34452499	122.30082996
228	17	07	22	10	50	16	08		25.34452834	122.30082996	25.34518666	122.30098997
229	17	07	22	10	55	16	09		25.34519001	122.30098997	25.34629332	122.30151669
230	17	07	22	11	00	16	09		25.34629667	122.30151996	25.34754499	122.30222496
231	17	07	22	11	05	16	09		25.34754834	122.30222831	25.34898835	122.30308335
232	17	07	22	11	10	16	07		25.34899497	122.30308671	25.35047832	122.30385164
233	17	07	22	11	15	16	07		25.35048335	122.30385164	25.35207331	122.30452336
234	17	07	22	11	20	16	07		25.35207834	122.30452504	25.35848002	122.30302166
235	17	07	22	11	25	16	08		25.35852335	122.30300498	25.37148664	122.29619334
236	17	07	22	11	30	16	08		25.37153332	122.29617499	25.38573998	122.29037496
237	17	07	22	11	35	16	06		25.38578834	122.29035669	25.39925496	122.28455834
238	17	07	22	11	40	16	06		25.39929830	122.28453663	25.41137000	122.27950665
239	17	07	22	11	45	16	06		25.41140998	122.27949165	25.42286670	122.27450333
240	17	07	22	11	50	16	06		25.42290500	122.27448497	25.43431663	122.26963663
241	17	07	22	11	55	16	06		25.43435502	122.26962171	25.44557503	122.26396836
242	17	07	22	12	00	16	07		25.44561166	122.26394833	25.45716000	122.25817831
243	17	07	22	12	05	16	07		25.45719830	122.25815836	25.46926171	122.25227335
244	17	07	22	12	10	16	05		25.46930001	122.25225331	25.48127834	122.24672503
245	17	07	22	12	15	16	05		25.48132000	122.24670835	25.49309003	122.24149665
246	17	07	22	12	20	16	05		25.49313001	122.24147997	25.50445497	122.23557835
247	17	07	22	12	25	16	05		25.50449336	122.23556167	25.51044837	122.23602335
248	17	07	22	12	30	16	05		25.51045331	122.23603500	25.51242331	122.23891838
249	17	07	22	12	35	16	04		25.51243169	122.23892667	25.51435333	122.24162833
250	17	07	22	12	40	16	04		25.51436003	122.24163663	25.51595997	122.24459837
251	17	07	22	12	45	16	04		25.51596500	122.24460835	25.51717166	122.24677331
252	17	07	22	12	50	16	04		25.51717501	122.24677834	25.51829165	122.24828331
253	17	07	22	12	55	16	04		25.51829668	122.24828834	25.51818998	122.24832497
254	17	07	22	13	00	16	04		25.51816835	122.24829001	25.51205836	122.23837003
255	17	07	22	13	05	16	03		25.51203833	122.23833667	25.50845666	122.23395168
256	17	07	22	13	10	16	03		25.50845331	122.23395671	25.50940004	122.23552002
257	17	07	22	13	15	16	03		25.50941496	122.23553334	25.50659504	122.23712004
258	17	07	22	13	20	16	03		25.50660166	122.23711501	25.50659336	122.23901334
259	17	07	22	13	25	16	03		25.50657836	122.23900664	25.50693166	122.23810164
260	17	07	22	13	30	16	03		25.50694498	122.23811497	25.50666000	122.23885501
261	17	07	22	13	35	16	01		25.50666670	122.23886331	25.50765669	122.24081662
262	17	07	22	13	40	16	02		25.50765996	122.24082165	25.50832666	122.24235663
263	17	07	22	13	45	16	02		25.50832833	122.24236166	25.50912000	122.24460835
264	17	07	22	13	50	16	02		25.50912336	122.24461664	25.50988334	122.24678169
265	17	07	22	13	55	16	02		25.50988670	122.24678831	25.51088498	122.24889670
266	17	07	22	14	00	16	02		25.51088833	122.24890332	25.51177832	122.25082504
267	17	07	22	14	05	16	00		25.51178000	122.25083166	25.51285330	122.25277500
268	17	07	22	14	10	16	00		25.51285665	122.25278171	25.51408670	122.25471835
269	17	07	22	14	15	16	01		25.51409164	122.25472497	25.51649834	122.25162836
270	17	07	22	14	20	16	01		25.51650337	122.25160330	25.51761498	122.24419503
271	17	07	22	14	25	16	01		25.51762001	122.24416997	25.51857504	122.23669499
272	17	07	22	14	30	15	09		25.51857504	122.23667169	25.52084335	122.23636667
273	17	07	22	14	35	15	09		25.52084997	122.23637329	25.52256332	122.23823165
274	17	07	22	14	40	15	09		25.52256667	122.23823500	25.52397500	122.23909331
275	17	07	22	14	45	16	00		25.52398330	122.23909498	25.52628497	122.24019829
276	17	07	22	14	50	16	00		25.52629167	122.24020332	25.52832998	122.24172330
277	17	07	22	14	55	16	00		25.52833669	122.24172665	25.53023838	122.24269333
278	17	07	22	15	00	15	08		25.53024667	122.24269669	25.52937169	122.24215832
279	17	07	22	15	05	15	08		25.52934336	122.24213837	25.52067831	122.23549504
280	17	07	22	15	10	15	08		25.52065836	122.23548003	25.51874167	122.23409166
281	17	07	22	15	15	15	08		25.51874503	122.23408998	25.51930837	122.23206835
282	17	07	22	15	20	15	09		25.51931164	122.23206500	25.52021169	122.23155504
283	17	07	22	15	25	15	09		25.52021496	122.23155336	25.52122330	122.23086999
284	17	07	22	15	30	15	07		25.52122666	122.23086664	25.52218001	122.22990666
285	17	07	22	15	35	15	07		25.52218496	122.22990163	25.52346999	122.22839666
286	17	07	22	15	40	15	07		25.52347334	122.22839330	25.52463834	122.22716334
287	17	07	22	15	45	15	07		25.52464169	122.22715999	25.52606167	122.22564831
288	17	07	22	15	50	15	08		25.52606670	122.22564337	25.52783503	122.22400999
289	17	07	22	15	55	15	08		25.52784165	122.22400337	25.52959330	122.22243335
290	17	07	22	16	00	25	07		25.52959330	122.22242497	25.53541663	122.22161997
291	17	07	22	16	05	25	05		25.53543834	122.22162332	25.54217337	122.22257333
292	17	07	22	16	10	25	06		25.54219667	122.22257668	25.54915667	122.22340330
293	17	07	22	16	15	25	06		25.54917997	122.22340666	25.55630836	122.22409833
294	17	07	22	16	20	25	06		25.55633334	122.22410168	25.56317330	122.22506837
295	17	07	22	16	25	15	07		25.56319837	122.22507164	25.57081165	122.22617336
296	17	07	22	16	30	25	06		25.57083503	122.22617663	25.57768171	122.22725663
297	17	07	22	16	35	25	04		25.57770333	122.22725999	25.58476835	122.22826665
298	17	07	22	16	40	25	05		25.58479166	122.22827001	25.58960999	122.22702831
299	17	07	22	16	45	25	05		25.58962332	122.22702169	25.59351504	122.22449002
300	17	07	22	16	50	25	05		25.59352837	122.22448331	25.59737834	122.22234836
301	17	07	22	16	55	25	05		25.59738999	122.22233998	25.60122664	122.22016001
302	17	07	22	17	00	25	05		25.60123829	122.22015163	25.60550669	122.21792171
303	17	07	22	17	05	25	03		25.60552496	122.21792003	25.60256833	122.21986329
304	17	07	22	17	10	25	03		25.60255333	122.21987167	25.59762837	122.22239002
305	17	07	22	17	15	25	04		25.59761002	122.22239831	25.59279830	122.22449999
306	17	07	22	17	20	25	04		25.59278330	122.22450670	25.58818499	122.22607663
307	17	07	22	17	25	25	04		25.58816998	122.22607998	25.58543338	122.22773331
308	17	07	22	17	30	25	02		25.58543664	122.22772334	25.58847332	122.22426337
309	17	07	22	17	35	25	02		25.58848665	122.22425331	25.59021500	122.22367169
310	17	07	22	17	40	25	02		25.59020829	122.22368334	25.58614165	122.22751999
311	17	07	22	17	45	25	03		25.58612497	122.22753500	25.58235998	122.23106001
312	17	07	22	17	50	25	03		25.58235998	122.23106503	25.58521997	122.23106336
313	17	07	22	17	55	25	03		25.58523833	122.23105665	25.59018164	122.22854502
314	17	07	22	18	00	25	01		25.59019664	122.22853663	25.59506334	122.22577999
315	17	07	22	18	05	25	01		25.59508002	122.22577002	25.59876001	122.22490165
316	17	07	22	18	10	25	01		25.59874333	122.22492663	25.59266503	122.23251997
317	17	07	22	18	15	25	01		25.59264500	122.23254503	25.58708000	122.23923337
318	17	07	22	18	20	25	02		25.58705335	122.23924669	25.58014833	122.24564997
319	17	07	22	18	25	25	02		25.58012671	122.24567503	25.57344331	122.25345830
320	17	07	22	18	30	25	00		25.57342001	122.25348336	25.56660335	122.26137333
321	17	07	22	18	35	25	00		25.56657996	122.26139830	25.55963337	122.26898502
322	17	07	22	18	40	25	00		25.55961167	122.26900999	25.55338500	122.27708336
323	17	07	22	18	45	25	00		25.55336170	122.27710666	25.54667001	122.28509336
324	17	07	22	18	50	25	00		25.54664830	122.28512169	25.53956668	122.29272500
325	17	07	22	18	55	25	01		25.53954329	122.29274997	25.53336499	122.30071999
326	17	07	22	19	00	24	09		25.53334337	122.30074497	25.52718669	122.30833663
327	17	07	22	19	05	24	09		25.52716331	122.30836169	25.52078837	122.31592502
328	17	07	22	19	10	24	09		25.52076666	122.31594999	25.51384832	122.32265837
329	17	07	22	19	15	24	09		25.51382166	122.32268167	25.50413830	122.32579663
330	17	07	22	19	20	24	09		25.50410000	122.32579831	25.49254999	122.32660163
331	17	07	22	19	25	25	00		25.49251000	122.32660666	25.48250335	122.33176002
332	17	07	22	19	30	24	08		25.48247997	122.33179171	25.47884163	122.34404001
333	17	07	22	19	35	24	08		25.47883166	122.34408167	25.47508000	122.35629830
334	17	07	22	19	40	24	08		25.47505997	122.35633668	25.46857833	122.36706502
335	17	07	22	19	45	24	08		25.46855670	122.36709997	25.46226835	122.37734836
336	17	07	22	19	50	24	08		25.46224664	122.37738331	25.45630001	122.38814500
337	17	07	22	19	55	24	08		25.45628166	122.38818163	25.45052664	122.39872833
338	17	07	22	20	00	24	07		25.45051499	122.39874668	25.45188669	122.39825500
339	17	07	22	20	05	24	07		25.45188996	122.39824670	25.45298832	122.39542502
340	17	07	22	20	10	24	07		25.45299168	122.39541496	25.45424829	122.39278003
341	17	07	22	20	15	24	07		25.45425332	122.39277164	25.45605166	122.39020837
342	17	07	22	20	20	24	07		25.45605836	122.39019832	25.46024663	122.38572003
343	17	07	22	20	25	24	05		25.46025502	122.38566999	25.45081163	122.37595671
344	17	07	22	20	30	24	05		25.45077500	122.37592670	25.43965003	122.36775837
345	17	07	22	20	35	24	06		25.43960997	122.36773004	25.42813171	122.36008331
346	17	07	22	20	40	24	06		25.42809164	122.36006001	25.41741167	122.35499499
347	17	07	22	20	45	24	06		25.41740832	122.35499667	25.41938167	122.35325835
348	17	07	22	20	50	24	06		25.41938997	122.35324997	25.42173330	122.35094167
349	17	07	22	20	55	24	04		25.42173833	122.35093497	25.42374663	122.34899330
350	17	07	22	21	00	24	04		25.42375334	122.34898668	25.42550666	122.34746335
351	17	07	22	21	05	24	05		25.42551337	122.34745832	25.42751497	122.34537332
352	17	07	22	21	10	24	05		25.42752167	122.34536670	25.42991169	122.34349829
353	17	07	22	21	15	24	05		25.42991999	122.34349335	25.42729000	122.34089504
354	17	07	22	21	20	24	05		25.42725496	122.34086663	25.41647499	122.33212170
355	17	07	22	21	25	24	03		25.41643837	122.33209337	25.40526001	122.32345331
356	17	07	22	21	30	24	03		25.40522330	122.32342330	25.39422163	122.31448668
357	17	07	22	21	35	24	03		25.39418835	122.31445667	25.38294503	122.30731001
358	17	07	22	21	40	24	04		25.38291167	122.30728998	25.38383670	122.30547831
359	17	07	22	21	45	24	04		25.38384668	122.30547002	25.38637164	122.30287666
360	17	07	22	21	50	24	04		25.38637835	122.30286836	25.38760168	122.30053668
361	17	07	22	21	55	24	02		25.38760336	122.30052830	25.38819999	122.29823836
362	17	07	22	22	00	24	02		25.38820166	122.29822998	25.38929332	122.29601665
363	17	07	22	22	05	24	02		25.38929835	122.29601003	25.39092167	122.29392663
364	17	07	22	22	10	24	03		25.39092670	122.29392000	25.39282998	122.29172336
365	17	07	22	22	15	24	03		25.39283836	122.29171330	25.39272831	122.28920334
366	17	07	22	22	20	24	03		25.39269336	122.28917501	25.38149337	122.28142837
367	17	07	22	22	25	24	01		25.38145498	122.28140163	25.36972334	122.27412170
368	17	07	22	22	30	24	01		25.36968336	122.27409831	25.35821163	122.26640004
369	17	07	22	22	35	24	01		25.35817333	122.26637665	25.34706831	122.25887996
370	17	07	22	22	40	24	01		25.34703000	122.25885666	25.33976834	122.25489831
371	17	07	22	22	45	24	02		25.33977664	122.25489998	25.34241501	122.25351663
372	17	07	22	22	50	24	02		25.34242331	122.25351169	25.34485498	122.25160170
373	17	07	22	22	55	24	00		25.34486337	122.25159500	25.34723335	122.24997503
374	17	07	22	23	00	24	00		25.34724165	122.24997167	25.34950166	122.24836168
375	17	07	22	23	05	24	00		25.34950669	122.24835497	25.35148163	122.24685000
376	17	07	22	23	10	24	00		25.35148834	122.24684665	25.35345666	122.24548836
377	17	07	22	23	15	24	00		25.35346337	122.24548333	25.35544166	122.24427165
378	17	07	22	23	20	23	09		25.35544996	122.24426670	25.35363670	122.24347671
379	17	07	22	23	25	23	09		25.35360334	122.24345835	25.34379669	122.23845670
380	17	07	22	23	30	23	09		25.34376500	122.23843834	25.33435330	122.23246498
381	17	07	22	23	35	23	09		25.33432170	122.23244168	25.32552665	122.22495832
382	17	07	22	23	40	23	09		25.32549497	122.22493334	25.31651837	122.21742164
383	17	07	22	23	45	23	09		25.31648836	122.21739834	25.30750833	122.20968498
384	17	07	22	23	50	23	08		25.30747999	122.20965170	25.30064832	122.20076663
385	17	07	22	23	55	23	08		25.30063332	122.20074669	25.30222999	122.19923166
386	17	07	23	00	00	23	08		25.30223837	122.19923166	25.30459997	122.19937499
387	17	07	23	00	05	23	08		25.30460835	122.19937666	25.30693836	122.19957666
388	17	07	23	00	10	23	08		25.30694833	122.19957666	25.30953331	122.19980498
389	17	07	23	00	15	23	08		25.30954169	122.19980498	25.31777498	122.20395503
390	17	07	23	00	20	23	06		25.31781664	122.20398000	25.33016168	122.21053164
391	17	07	23	00	25	23	07		25.33020166	122.21055502	25.34255499	122.21721168
392	17	07	23	00	30	23	07		25.34259665	122.21723330	25.35494504	122.22391837
393	17	07	23	00	35	23	07		25.35498502	122.22394167	25.36738504	122.23047503
394	17	07	23	00	40	23	07		25.36742670	122.23049666	25.38017004	122.23707830
395	17	07	23	00	45	23	05		25.38021337	122.23709833	25.39337003	122.24366496
396	17	07	23	00	50	23	05		25.39341504	122.24368667	25.40669164	122.25069503
397	17	07	23	00	55	23	05		25.40673665	122.25071833	25.41924002	122.25860663
398	17	07	23	01	00	23	06		25.41926835	122.25862666	25.42463335	122.26117836
399	17	07	23	01	05	23	06		25.42464668	122.26118163	25.42815166	122.26245501
400	17	07	23	01	10	23	06		25.42816331	122.26245836	25.43141331	122.26371163
401	17	07	23	01	15	23	04		25.43142336	122.26371498	25.43461670	122.26479163
402	17	07	23	01	20	23	04		25.43462668	122.26479331	25.43745004	122.26569336
403	17	07	23	01	25	23	04		25.43745833	122.26569830	25.44012831	122.26634664
404	17	07	23	01	30	23	05		25.44013669	122.26634832	25.44264665	122.26675333
405	17	07	23	01	35	23	05		25.44265335	122.26675669	25.44506667	122.26732666
406	17	07	23	01	40	23	05		25.44507497	122.26732833	25.44727329	122.26793996
407	17	07	23	01	45	23	03		25.44728000	122.26794331	25.44962165	122.26873666
408	17	07	23	01	50	23	03		25.44963003	122.26873834	25.45202667	122.26973168
409	17	07	23	01	55	23	03		25.45203664	122.26973671	25.45195668	122.27064329
410	17	07	23	02	00	23	04		25.45192500	122.27062670	25.44228832	122.26646164
411	17	07	23	02	05	23	04		25.44225664	122.26644832	25.43278500	122.26238837
412	17	07	23	02	10	23	04		25.43274997	122.26238167	25.42483502	122.26071166
413	17	07	23	02	15	23	02		25.42481666	122.26070998	25.42400664	122.26143669
414	17	07	23	02	20	23	02		25.42401670	122.26144164	25.42702496	122.26282499
415	17	07	23	02	25	23	02		25.42703670	122.26282834	25.42978831	122.26387499
416	17	07	23	02	30	23	03		25.42979669	122.26387834	25.43263664	122.26477998
417	17	07	23	02	35	23	03		25.43264670	122.26478334	25.43552999	122.26635167
418	17	07	23	02	40	23	01		25.43553997	122.26635670	25.43816501	122.26782496
419	17	07	23	02	45	23	01		25.43817499	122.26782831	25.44090330	122.26901997
420	17	07	23	02	50	23	01		25.44091335	122.26902332	25.44353002	122.27042997
421	17	07	23	02	55	23	01		25.44353999	122.27043500	25.44613997	122.27182330
422	17	07	23	03	00	23	01		25.44614836	122.27182665	25.44848163	122.27274665
423	17	07	23	03	05	23	02		25.44849001	122.27275000	25.45092663	122.27388667
424	17	07	23	03	10	23	00		25.45093501	122.27389170	25.45358998	122.27564335
425	17	07	23	03	15	23	00		25.45359836	122.27564829	25.45596499	122.27697331
426	17	07	23	03	20	23	00		25.45597337	122.27697833	25.45824001	122.27812163
427	17	07	23	03	25	23	00		25.45824663	122.27812666	25.46051838	122.27902670
428	17	07	23	03	30	23	00		25.46052667	122.27902997	25.46268166	122.28002164
429	17	07	23	03	35	23	00		25.46268837	122.28002499	25.46498333	122.28076503
430	17	07	23	03	40	22	09		25.46499331	122.28076670	25.46724334	122.28169668
431	17	07	23	03	45	22	09		25.46725164	122.28170003	25.46964501	122.28272664
432	17	07	23	03	50	22	09		25.46965331	122.28273000	25.47216671	122.28330164
433	17	07	23	03	55	22	09		25.47217500	122.28330332	25.47473668	122.28420001
434	17	07	23	04	00	22	09		25.47474666	122.28420831	25.47626998	122.28682330
435	17	07	23	04	05	22	09		25.47627334	122.28683000	25.47587670	122.28579668
436	17	07	23	04	10	22	08		25.47587830	122.28579333	25.47430996	122.28538002
437	17	07	23	04	15	22	08		25.47430501	122.28538002	25.47531336	122.28528329
438	17	07	23	04	20	22	08		25.47531998	122.28528329	25.47193998	122.28286335
439	17	07	23	04	25	22	08		25.47190167	122.28284835	25.46074335	122.27809003
440	17	07	23	04	30	22	08		25.46070663	122.27807335	25.44948829	122.27324663
441	17	07	23	04	35	22	06		25.44944831	122.27323003	25.43800835	122.26823836
442	17	07	23	04	40	22	06		25.43797164	122.26822168	25.42663336	122.26305834
443	17	07	23	04	45	22	07		25.42659497	122.26304166	25.42286167	122.26135832
444	17	07	23	04	50	22	07		25.42286997	122.26136335	25.42540331	122.26267336
445	17	07	23	04	55	22	07		25.42541170	122.26267663	25.42784831	122.26343997
446	17	07	23	05	00	22	07		25.42785670	122.26344332	25.43015334	122.26392335
447	17	07	23	05	05	22	05		25.43015996	122.26392503	25.43222166	122.26414170
448	17	07	23	05	10	22	05		25.43222836	122.26414329	25.43446331	122.26469834
449	17	07	23	05	15	22	05		25.43447169	122.26470002	25.43617666	122.26525499
450	17	07	23	05	20	22	06		25.43618336	122.26526001	25.43743503	122.26703002
451	17	07	23	05	25	22	06		25.43743663	122.26703664	25.43869835	122.26756169
452	17	07	23	05	30	22	06		25.43870497	122.26756169	25.44070666	122.26810165
453	17	07	23	05	35	22	04		25.44071169	122.26810500	25.44235337	122.26882501
454	17	07	23	05	40	22	04		25.44235831	122.26882668	25.44422337	122.26927335
455	17	07	23	05	45	22	04		25.44422831	122.26927503	25.44605163	122.26936497
456	17	07	23	05	50	22	05		25.44605833	122.26936497	25.44797167	122.26968164
457	17	07	23	05	55	22	05		25.44797829	122.26968331	25.45006497	122.27019503
458	17	07	23	06	00	22	05		25.45007167	122.27019670	25.45199331	122.27065503
459	17	07	23	06	05	22	03		25.45199834	122.27065670	25.45393498	122.27107337
460	17	07	23	06	10	22	03		25.45394336	122.27107337	25.45596331	122.27169665
461	17	07	23	06	15	22	03		25.45597337	122.27170335	25.45153163	122.27118334
462	17	07	23	06	20	22	03		25.45151168	122.27117504	25.44513666	122.26827163
463	17	07	23	06	25	22	04		25.44511336	122.26826166	25.43878502	122.26576335
464	17	07	23	06	30	22	04		25.43876331	122.26575170	25.43240002	122.26303169
465	17	07	23	06	35	22	02		25.43237999	122.26302330	25.42575837	122.26108499
466	17	07	23	06	40	22	02		25.42573331	122.26107837	25.42276000	122.26186166
467	17	07	23	06	45	22	02		25.42276670	122.26187004	25.42459002	122.26393165
468	17	07	23	06	50	22	02		25.42459664	122.26393836	25.42468163	122.26585664
469	17	07	23	06	55	22	03		25.42468004	122.26585999	25.42416329	122.26690664
470	17	07	23	07	00	22	01		25.42416003	122.26690832	25.42296669	122.26750335
471	17	07	23	07	05	22	01		25.42296167	122.26750335	25.42222833	122.26799335
472	17	07	23	07	10	22	01		25.42222666	122.26799503	25.42203002	122.26862334
473	17	07	23	07	15	22	01		25.42203002	122.26862669	25.42200998	122.26996670
474	17	07	23	07	20	22	01		25.42200998	122.26996997	25.42315001	122.27150998
475	17	07	23	07	25	22	01		25.42315504	122.27151501	25.42468498	122.27281999
476	17	07	23	07	30	22	00		25.42468834	122.27282166	25.42602835	122.27350831
477	17	07	23	07	35	22	00		25.42603170	122.27351166	25.42722168	122.27403168
478	17	07	23	07	40	22	00		25.42722504	122.27403168	25.42815669	122.27439671
479	17	07	23	07	45	22	00		25.42816004	122.27439830	25.42928170	122.27469167
480	17	07	23	07	50	22	00		25.42928497	122.27469334	25.43038669	122.27527496
481	17	07	23	07	55	22	00		25.43039164	122.27527832	25.43154666	122.27606663
482	17	07	23	08	00	21	08		25.43155001	122.27606999	25.43008503	122.27293164
483	17	07	23	08	05	21	09		25.43006332	122.27290330	25.42409498	122.26419501
484	17	07	23	08	10	21	09		25.42407503	122.26416500	25.42226337	122.26100829
485	17	07	23	08	15	21	09		25.42226664	122.26101668	25.42358997	122.26280504
486	17	07	23	08	20	21	09		25.42359668	122.26281166	25.42512830	122.26424337
487	17	07	23	08	25	21	07		25.42513333	122.26424664	25.42664333	122.26602671
488	17	07	23	08	30	21	07		25.42665004	122.26603333	25.42801503	122.26726497
489	17	07	23	08	35	21	08		25.42801998	122.26727000	25.42926335	122.26819670
490	17	07	23	08	40	21	08		25.42926829	122.26819997	25.43049163	122.26928668
491	17	07	23	08	45	21	08		25.43049498	122.26929163	25.43170667	122.27115165
492	17	07	23	08	50	21	08		25.43171003	122.27115668	25.43282004	122.27293499
493	17	07	23	08	55	21	06		25.43282331	122.27294169	25.43397004	122.27474833
494	17	07	23	09	00	21	06		25.43397163	122.27475336	25.43512003	122.27620334
495	17	07	23	09	05	21	06		25.43512498	122.27620837	25.43641001	122.27792163
496	17	07	23	09	10	21	07		25.43641504	122.27792666	25.43762497	122.27986498
497	17	07	23	09	15	21	07		25.43762832	122.27987168	25.43886331	122.28185166
498	17	07	23	09	20	21	07		25.43886666	122.28185836	25.44002336	122.28370498
499	17	07	23	09	25	16	09		25.44002663	122.28371168	25.44109667	122.28547331
500	17	07	23	09	30	16	05		25.44110002	122.28547834	25.44222169	122.28728665
501	17	07	23	09	35	16	06		25.44222663	122.28729336	25.44183997	122.29009501
502	17	07	23	09	40	16	06		25.44181667	122.29008000	25.43519497	122.28085999
503	17	07	23	09	45	16	06		25.43517334	122.28082663	25.42880829	122.27127830
504	17	07	23	09	50	16	04		25.42878499	122.27124671	25.42292336	122.26148833
505	17	07	23	09	55	16	04		25.42290333	122.26145497	25.42176666	122.26225996
506	17	07	23	10	00	16	04		25.42176833	122.26227002	25.42216002	122.26515331
507	17	07	23	10	05	16	05		25.42216002	122.26516337	25.42086334	122.26709498
508	17	07	23	10	10	16	05		25.42085663	122.26710001	25.41933666	122.26888334
509	17	07	23	10	15	16	05		25.41933331	122.26888837	25.41809664	122.27098670
510	17	07	23	10	20	16	03		25.41809170	122.27099500	25.41674003	122.27292334
511	17	07	23	10	25	16	03		25.41673332	122.27292996	25.41594501	122.27343832
512	17	07	23	10	30	16	03		25.41595833	122.27341167	25.42074331	122.26412670
513	17	07	23	10	35	16	03		25.42075664	122.26409501	25.42275170	122.25978336
514	17	07	23	10	40	16	04		25.42275170	122.25978831	25.42315001	122.26162663
515	17	07	23	10	45	16	04		25.42315168	122.26163333	25.42353834	122.26379335
516	17	07	23	10	50	16	02		25.42354002	122.26379997	25.42371671	122.26604003
517	17	07	23	10	55	16	02		25.42371503	122.26604666	25.42382668	122.26848663
518	17	07	23	11	00	16	02		25.42382668	122.26849669	25.42396330	122.27099835
519	17	07	23	11	05	16	02		25.42396498	122.27100497	25.42415667	122.27313833
520	17	07	23	11	10	16	03		25.42415500	122.27314663	25.42425835	122.27556330
521	17	07	23	11	15	16	01		25.42425835	122.27557001	25.42414997	122.27772499
522	17	07	23	11	20	16	01		25.42414838	122.27773170	25.42376004	122.27977831
523	17	07	23	11	25	16	01		25.42375501	122.27977999	25.42329166	122.27555333
524	17	07	23	11	30	16	01		25.42328998	122.27553665	25.42324003	122.27085167
525	17	07	23	11	35	16	01		25.42324003	122.27083834	25.42322000	122.26635167
526	17	07	23	11	40	16	01		25.42322000	122.26633667	25.42276503	122.26162336
527	17	07	23	11	45	16	00		25.42276503	122.26160835	25.42266168	122.26267001
528	17	07	23	11	50	16	00		25.42266000	122.26268501	25.42207335	122.26706665
529	17	07	23	11	55	16	00		25.42207167	122.26707998	25.42135837	122.27104504
530	17	07	23	12	00	16	00		25.42135670	122.27105836	25.42047836	122.27559834
531	17	07	23	12	05	16	00		25.42047501	122.27561167	25.41945501	122.27961335
532	17	07	23	12	10	16	00		25.41944998	122.27962500	25.41795499	122.28340499
533	17	07	23	12	15	15	08		25.41795163	122.28341497	25.41694170	122.28664334
534	17	07	23	12	20	15	09		25.41693835	122.28665164	25.41443501	122.28742168
535	17	07	23	12	25	15	09		25.41442830	122.28742504	25.41239837	122.28925170
536	17	07	23	12	30	15	09		25.41239334	122.28925497	25.41659167	122.29630164
537	17	07	23	12	35	15	09		25.41662335	122.29632997	25.42603170	122.30425665
538	17	07	23	12	40	15	09		25.42606330	122.30428163	25.43560836	122.31237830
539	17	07	23	12	45	15	07		25.43563996	122.31240503	25.44557001	122.31832501
540	17	07	23	12	50	15	08		25.44560504	122.31834336	25.45628166	122.32449501
541	17	07	23	12	55	15	08		25.45631837	122.32451999	25.46710496	122.33105334
542	17	07	23	13	00	15	08		25.46714335	122.33107497	25.47776833	122.33779835
543	17	07	23	13	05	15	08		25.47780496	122.33781997	25.48873496	122.34430832
544	17	07	23	13	10	25	08		25.48877000	122.34433330	25.49787166	122.35084335
545	17	07	23	13	15	25	08		25.49787333	122.35086498	25.49655167	122.35465335
546	17	07	23	13	20	25	06		25.49654664	122.35466332	25.49526329	122.35675335
547	17	07	23	13	25	15	07		25.49526170	122.35676165	25.49360502	122.35900833
548	17	07	23	13	30	15	07		25.49359999	122.35901663	25.49496330	122.35711670
549	17	07	23	13	35	15	07		25.49498334	122.35708670	25.49868998	122.35275501
550	17	07	23	13	40	25	07		25.49868998	122.35276164	25.49798163	122.35463667
551	17	07	23	13	45	25	07		25.49798330	122.35464664	25.49605664	122.35264001
552	17	07	23	13	50	25	05		25.49604834	122.35263499	25.49477337	122.35257170
553	17	07	23	13	55	25	05		25.49477002	122.35257329	25.49389335	122.35341836
554	17	07	23	14	00	25	05		25.49389000	122.35342163	25.49289163	122.35151164
555	17	07	23	14	05	25	05		25.49288669	122.35148666	25.49197834	122.34782503
556	17	07	23	14	10	25	05		25.49197666	122.34781832	25.49142170	122.34236171
557	17	07	23	14	15	25	04		25.49141834	122.34233832	25.48980835	122.33407670
558	17	07	23	14	20	25	04		25.48978664	122.33403998	25.48957500	122.33158166
559	17	07	23	14	25	25	04		25.48959671	122.33154997	25.48772830	122.31942832
560	17	07	23	14	30	25	04		25.48771832	122.31938833	25.48566668	122.30727833
561	17	07	23	14	35	25	04		25.48565830	122.30723835	25.48353332	122.29519498
562	17	07	23	14	40	25	04		25.48352335	122.29515332	25.48139334	122.28257166
563	17	07	23	14	45	25	03		25.48138663	122.28252833	25.47908831	122.27046501
564	17	07	23	14	50	25	03		25.47908169	122.27042335	25.47732166	122.25873998
565	17	07	23	14	55	25	03		25.47731831	122.25870168	25.47556666	122.24705997
566	17	07	23	15	00	25	03		25.47556498	122.24702166	25.47477004	122.23544165
567	17	07	23	15	05	25	03		25.47476836	122.23540334	25.47429001	122.23534333
568	17	07	23	15	10	25	03		25.47428833	122.23535665	25.47341670	122.23877002
569	17	07	23	15	15	25	01		25.47341335	122.23878167	25.47288336	122.24109499
570	17	07	23	15	20	25	02		25.47288168	122.24110337	25.47237164	122.24269166
571	17	07	23	15	25	25	02		25.47236837	122.24269669	25.47190997	122.24485503
572	17	07	23	15	30	25	02		25.47191500	122.24485335	25.47321671	122.23874998
573	17	07	23	15	35	25	02		25.47322165	122.23872668	25.47430669	122.23270336
574	17	07	23	15	40	25	02		25.47430166	122.23269666	25.47291496	122.23299497
575	17	07	23	15	45	25	00		25.47291169	122.23300000	25.47318167	122.23236666
576	17	07	23	15	50	25	00		25.47318670	122.23236331	25.47314831	122.23271334
577	17	07	23	15	55	25	01		25.47314999	122.23270504	25.47300163	122.23234001
578	17	07	23	16	00	25	01		25.47300163	122.23234168	25.47295167	122.23304333
579	17	07	23	16	05	25	01		25.47295167	122.23304668	25.47280331	122.23383668
580	17	07	23	16	10	25	01		25.47280331	122.23383836	25.47321000	122.23175000
581	17	07	23	16	15	24	09		25.47321503	122.23172335	25.47534504	122.22309837
582	17	07	23	16	20	24	09		25.47535166	122.22307004	25.47740003	122.21432503
583	17	07	23	16	25	25	00		25.47741001	122.21428338	25.48104666	122.20029498
584	17	07	23	16	30	25	00		25.48106502	122.20024997	25.48400003	122.18869669
585	17	07	23	16	35	25	00		25.48400497	122.18867331	25.48574002	122.18258671
586	17	07	23	16	40	25	00		25.48574497	122.18256332	25.48716168	122.17666833
587	17	07	23	16	45	24	08		25.48716503	122.17664829	25.48863337	122.17013497
588	17	07	23	16	50	24	08		25.48864000	122.17011502	25.49025502	122.16396497
589	17	07	23	16	55	24	09		25.49025997	122.16394502	25.49173166	122.15768835
590	17	07	23	17	00	24	09		25.49173669	122.15766831	25.49337334	122.15145003
591	17	07	23	17	05	24	09		25.49337996	122.15143000	25.49502164	122.14538665
592	17	07	23	17	10	24	07		25.49502667	122.14536670	25.49675502	122.13883669
593	17	07	23	17	15	24	07		25.49675996	122.13881666	25.49805002	122.13288998
594	17	07	23	17	20	24	07		25.49805329	122.13287003	25.49973663	122.12691997
595	17	07	23	17	25	24	08		25.49974333	122.12689835	25.50111998	122.12381330
596	17	07	23	17	30	24	08		25.50112333	122.12381498	25.50212497	122.12384666
597	17	07	23	17	35	24	08		25.50213000	122.12384331	25.50274498	122.12393501
598	17	07	23	17	40	24	06		25.50274498	122.12393333	25.50046502	122.12487169
599	17	07	23	17	45	24	06		25.50047164	122.12487169	25.50206001	122.12436668
600	17	07	23	17	50	24	06		25.50206336	122.12436500	25.50318168	122.12364499
601	17	07	23	17	55	24	06		25.50318503	122.12364164	25.50214500	122.12305164
602	17	07	23	18	00	24	07		25.50213335	122.12304502	25.50104002	122.12079833
603	17	07	23	18	05	24	07		25.50104002	122.12079163	25.50165164	122.11760667
604	17	07	23	18	10	24	05		25.50165164	122.11757834	25.50117999	122.11055330
605	17	07	23	18	15	24	05		25.50117664	122.11053335	25.49989002	122.10308502
606	17	07	23	18	20	24	05		25.49988667	122.10305837	25.49884832	122.09850666
607	17	07	23	18	25	24	05		25.49884664	122.09850163	25.49798833	122.09703832
608	17	07	23	18	30	24	05		25.49798163	122.09703002	25.49835831	122.09782169
609	17	07	23	18	35	24	06		25.49836334	122.09786335	25.50198331	122.10973833
610	17	07	23	18	40	24	04		25.50199002	122.10977831	25.50354998	122.12242166
611	17	07	23	18	45	24	04		25.50355501	122.12246331	25.50507163	122.13442337
612	17	07	23	18	50	24	04		25.50508336	122.13446503	25.50708337	122.14738665
613	17	07	23	18	55	24	04		25.50708999	122.14743334	25.50935998	122.16129164
614	17	07	23	19	00	24	04		25.50937003	122.16133665	25.51229163	122.17515330
615	17	07	23	19	05	24	03		25.51230169	122.17518833	25.51372997	122.17857831
616	17	07	23	19	10	24	03		25.51373835	122.17857664	25.51558170	122.17871997
617	17	07	23	19	15	24	03		25.51558496	122.17871837	25.51637999	122.18078166
618	17	07	23	19	20	24	03		25.51637999	122.18082667	25.51598000	122.19433336
619	17	07	23	19	25	24	03		25.51597003	122.19437334	25.51521834	122.20712665
620	17	07	23	19	30	24	03		25.51522831	122.20716999	25.51934500	122.22003001
621	17	07	23	19	35	24	01		25.51936503	122.22006999	25.52301996	122.23124499
622	17	07	23	19	40	24	02		25.52302667	122.23128003	25.52434171	122.24170167
623	17	07	23	19	45	24	02		25.52434330	122.24173671	25.52593837	122.25278003
624	17	07	23	19	50	24	02		25.52594500	122.25281666	25.52761501	122.25746501
625	17	07	23	19	55	24	02		25.52762331	122.25745998	25.53077834	122.25522663
626	17	07	23	20	00	24	02		25.53078831	122.25521665	25.53442497	122.25492831
627	17	07	23	20	05	24	00		25.53443503	122.25496503	25.53580170	122.26562337
628	17	07	23	20	10	24	00		25.53580496	122.26565665	25.53718831	122.27592498
629	17	07	23	20	15	24	01		25.53719502	122.27596002	25.53770665	122.28586835
630	17	07	23	20	20	24	01		25.53770833	122.28590003	25.53794503	122.29534836
631	17	07	23	20	25	24	01		25.53794830	122.29537996	25.53821501	122.30492997
632	17	07	23	20	30	24	01		25.53821501	122.30496165	25.53839170	122.31445500
633	17	07	23	20	35	23	09		25.53839170	122.31448500	25.53835331	122.32384499
634	17	07	23	20	40	23	09		25.53835667	122.32387668	25.53909997	122.32926498
635	17	07	23	20	45	24	00		25.53910500	122.32925836	25.54141665	122.32631665
636	17	07	23	20	50	24	00		25.54142503	122.32630500	25.54545664	122.32444497
637	17	07	23	20	55	24	00		25.54546167	122.32447498	25.54577499	122.33424165
638	17	07	23	21	00	23	08		25.54577666	122.33427334	25.54611663	122.34406164
639	17	07	23	21	05	23	08		25.54611663	122.34409332	25.54644998	122.35376336
640	17	07	23	21	10	23	08		25.54644998	122.35379663	25.54705163	122.36370170
641	17	07	23	21	15	23	08		25.54705331	122.36373497	25.54761331	122.37419165
642	17	07	23	21	20	23	09		25.54761331	122.37422836	25.54823164	122.38557503
643	17	07	23	21	25	23	09		25.54824002	122.38561501	25.54972831	122.39746668
644	17	07	23	21	30	23	07		25.54973334	122.39750667	25.55051663	122.39970331
645	17	07	23	21	35	23	07		25.55052334	122.39970004	25.55263331	122.39837000
646	17	07	23	21	40	23	07		25.55264169	122.39836833	25.55497002	122.39758831
647	17	07	23	21	45	23	07		25.55497832	122.39758663	25.55472334	122.39481834
648	17	07	23	21	50	23	08		25.55471831	122.39479504	25.55317503	122.38909668
649	17	07	23	21	55	23	08		25.55317000	122.38907665	25.55141835	122.38344166
650	17	07	23	22	00	23	06		25.55140997	122.38342498	25.54954500	122.37801170
651	17	07	23	22	05	23	06		25.54953997	122.37799334	25.54797499	122.37218997
652	17	07	23	22	10	23	06		25.54797004	122.37217169	25.54647169	122.36660502
653	17	07	23	22	15	23	06		25.54646499	122.36658834	25.54455332	122.36176330
654	17	07	23	22	20	23	06		25.54454503	122.36174670	25.54211335	122.35725836
655	17	07	23	22	25	23	07		25.54210329	122.35724336	25.53928337	122.35254664
656	17	07	23	22	30	23	05		25.53927331	122.35253164	25.53637996	122.34774163
657	17	07	23	22	35	23	05		25.53637167	122.34772503	25.53360170	122.34293503
658	17	07	23	22	40	23	05		25.53359499	122.34291835	25.53073500	122.33754664
659	17	07	23	22	45	23	05		25.53072503	122.33752501	25.52778667	122.33149666
660	17	07	23	22	50	23	05		25.52777996	122.33147831	25.52544837	122.32567166
661	17	07	23	22	55	23	03		25.52544166	122.32565163	25.52353168	122.32008831
662	17	07	23	23	00	23	04		25.52352665	122.32007003	25.52196996	122.31455164
663	17	07	23	23	05	23	04		25.52196502	122.31453496	25.52011496	122.30926333
664	17	07	23	23	10	23	04		25.52010834	122.30924665	25.51809166	122.30419337
665	17	07	23	23	15	23	04		25.51808336	122.30417836	25.51587498	122.29939163
666	17	07	23	23	20	23	04		25.51586836	122.29937671	25.51353165	122.29489834
667	17	07	23	23	25	23	02		25.51352168	122.29488166	25.51031166	122.28992670
668	17	07	23	23	30	23	03		25.51030168	122.28991002	25.50691498	122.28416163
669	17	07	23	23	35	23	03		25.50690332	122.28414000	25.50384167	122.27774335
670	17	07	23	23	40	23	03		25.50383169	122.27772164	25.50125501	122.27213502
671	17	07	23	23	45	23	03		25.50124663	122.27211834	25.49855663	122.26650833
672	17	07	23	23	50	23	03		25.49854665	122.26648830	25.49529833	122.26067335
673	17	07	23	23	55	23	01		25.49528668	122.26065332	25.49302331	122.25640168
674	17	07	24	00	00	23	01		25.49303832	122.25640168	25.49783000	122.25497835
675	17	07	24	00	05	23	02		25.49784333	122.25496997	25.50204836	122.25364664
676	17	07	24	00	10	23	02		25.50206169	122.25364496	25.50584000	122.25322503
677	17	07	24	00	15	23	02		25.50585165	122.25322503	25.50936836	122.25306837
678	17	07	24	00	20	23	02		25.50937833	122.25306837	25.51296503	122.25309502
679	17	07	24	00	25	23	00		25.51297668	122.25309670	25.51023999	122.25424997
680	17	07	24	00	30	23	00		25.51020831	122.25426002	25.50117002	122.25606331
681	17	07	24	00	35	23	00		25.50114169	122.25607001	25.49239500	122.25774170
682	17	07	24	00	40	23	01		25.49236667	122.25774832	25.48394831	122.25921004
683	17	07	24	00	45	23	01		25.48392165	122.25921666	25.47555501	122.26075667
684	17	07	24	00	50	23	01		25.47552668	122.26076002	25.46724167	122.26210666
685	17	07	24	00	55	22	09		25.46721501	122.26211504	25.45909337	122.26370333
686	17	07	24	01	00	22	09		25.45906336	122.26370668	25.45117498	122.26493337
687	17	07	24	01	05	22	09		25.45116501	122.26493337	25.45249337	122.26614003
688	17	07	24	01	10	23	00		25.45250829	122.26614171	25.45619834	122.26378832
689	17	07	24	01	15	23	00		25.45618996	122.26375496	25.45254836	122.25418333
690	17	07	24	01	20	22	08		25.45253671	122.25414997	25.45026664	122.24664498
691	17	07	24	01	25	22	08		25.45027670	122.24664833	25.45396666	122.24715670
692	17	07	24	01	30	22	08		25.45397831	122.24715670	25.45762167	122.24694170
693	17	07	24	01	35	22	08		25.45763332	122.24694170	25.46133829	122.24748996
694	17	07	24	01	40	22	08		25.46135170	122.24749164	25.46513999	122.24790663
695	17	07	24	01	45	22	09		25.46515332	122.24790830	25.46885996	122.24856997
696	17	07	24	01	50	22	07		25.46887170	122.24857165	25.47246167	122.24932166
697	17	07	24	01	55	22	07		25.47247499	122.24932333	25.47607167	122.25000830
698	17	07	24	02	00	22	07		25.47608332	122.25000998	25.47967832	122.25063502
699	17	07	24	02	05	22	07		25.47968997	122.25063837	25.48350834	122.25145167
700	17	07	24	02	10	22	07		25.48351999	122.25145670	25.48728171	122.25263670
701	17	07	24	02	15	22	08		25.48729168	122.25263997	25.49067504	122.25350666
702	17	07	24	02	20	22	06		25.49068669	122.25351001	25.49399829	122.25428835
703	17	07	24	02	25	22	06		25.49400835	122.25429171	25.49747997	122.25507332
704	17	07	24	02	30	22	06		25.49749170	122.25507667	25.50083667	122.25595501
705	17	07	24	02	35	22	06		25.50084832	122.25595669	25.50435171	122.25674165
706	17	07	24	02	40	22	06		25.50436336	122.25674501	25.50764169	122.25765998
707	17	07	24	02	45	22	06		25.50765334	122.25766165	25.51100333	122.25852666
708	17	07	24	02	50	22	05		25.51101331	122.25853169	25.51443664	122.25934331
709	17	07	24	02	55	22	05		25.51444829	122.25934667	25.51795671	122.26025334
710	17	07	24	03	00	22	05		25.51797003	122.26025669	25.52156830	122.26121667
711	17	07	24	03	05	22	05		25.52158004	122.26122002	25.51719337	122.26044503
712	17	07	24	03	10	22	05		25.51716504	122.26043665	25.50833504	122.25855667
713	17	07	24	03	15	22	05		25.50830503	122.25855500	25.49944502	122.25721498
714	17	07	24	03	20	22	03		25.49941837	122.25721163	25.49085164	122.25533668
715	17	07	24	03	25	22	04		25.49082331	122.25532997	25.48205500	122.25379332
716	17	07	24	03	30	22	04		25.48202500	122.25378997	25.47336004	122.25170002
717	17	07	24	03	35	22	04		25.47333003	122.25169332	25.46453331	122.24960337
718	17	07	24	03	40	22	04		25.46450330	122.24959667	25.45568001	122.24746163
719	17	07	24	03	45	22	02		25.45565000	122.24745166	25.44986171	122.24625003
720	17	07	24	03	50	22	02		25.44986498	122.24625329	25.45257334	122.24787335
721	17	07	24	03	55	22	03		25.45258331	122.24787829	25.45593331	122.24892000
722	17	07	24	04	00	22	03		25.45594504	122.24892335	25.45924667	122.25017670
723	17	07	24	04	05	22	03		25.45925665	122.25017997	25.46257664	122.25131001
724	17	07	24	04	10	22	03		25.46258669	122.25131496	25.46571499	122.25281666
725	17	07	24	04	15	22	01		25.46572664	122.25282169	25.46876499	122.25404830
726	17	07	24	04	20	22	01		25.46877497	122.25405165	25.47188164	122.25511330
727	17	07	24	04	25	22	01		25.47189170	122.25511665	25.47512501	122.25623832
728	17	07	24	04	30	22	02		25.47513667	122.25624167	25.47826169	122.25753835
729	17	07	24	04	35	22	02		25.47827334	122.25754330	25.48142670	122.25897669
730	17	07	24	04	40	22	02		25.48143835	122.25898004	25.48461501	122.26028334
731	17	07	24	04	45	22	00		25.48462498	122.26028837	25.48784170	122.26148330
732	17	07	24	04	50	22	00		25.48785335	122.26148833	25.49106832	122.26269498
733	17	07	24	04	55	22	00		25.49107837	122.26270001	25.49429837	122.26404330
734	17	07	24	05	00	22	00		25.49430834	122.26404833	25.49753663	122.26555170
735	17	07	24	05	05	22	01		25.49754669	122.26555833	25.50079166	122.26696833
736	17	07	24	05	10	22	01		25.50080331	122.26697336	25.50401500	122.26822997
737	17	07	24	05	15	21	09		25.50402498	122.26823333	25.50734832	122.26936170
738	17	07	24	05	20	21	09		25.50735829	122.26936497	25.51069999	122.27047163
739	17	07	24	05	25	21	09		25.51070997	122.27047666	25.51410330	122.27139833
740	17	07	24	05	30	21	09		25.51411503	122.27140169	25.51761665	122.27214164
741	17	07	24	05	35	22	00		25.51762830	122.27214499	25.52117167	122.27301168
742	17	07	24	05	40	21	08		25.52118332	122.27301504	25.52265837	122.27378835
743	17	07	24	05	45	21	08		25.52264001	122.27377997	25.51603667	122.27287665
744	17	07	24	05	50	21	08		25.51601336	122.27288168	25.50878003	122.27412664
745	17	07	24	05	55	21	08		25.50875497	122.27413000	25.50168165	122.27507497
746	17	07	24	06	00	21	08		25.50166002	122.27507832	25.49484998	122.27563002
747	17	07	24	06	05	21	08		25.49482668	122.27563337	25.48784170	122.27651834
748	17	07	24	06	10	21	07		25.48781832	122.27652001	25.48080334	122.27743163
749	17	07	24	06	15	21	07		25.48078003	122.27743330	25.47384501	122.27810335
750	17	07	24	06	20	21	07		25.47382163	122.27810503	25.46691335	122.27898337
751	17	07	24	06	25	21	07		25.46688996	122.27898664	25.46010003	122.28055171
752	17	07	24	06	30	21	07		25.46007665	122.28055665	25.45286503	122.28212331
753	17	07	24	06	35	21	07		25.45283997	122.28213170	25.44624165	122.28348169
754	17	07	24	06	40	21	05		25.44622002	122.28348504	25.43892500	122.28395836
755	17	07	24	06	45	21	06		25.43890002	122.28396004	25.43206500	122.28489999
756	17	07	24	06	50	21	06		25.43204337	122.28490166	25.42481331	122.28479337
757	17	07	24	06	55	21	06		25.42479001	122.28479496	25.41728167	122.28611997
758	17	07	24	07	00	21	06		25.41725669	122.28612500	25.40978003	122.28744666
759	17	07	24	07	05	21	06		25.40975665	122.28745169	25.40266832	122.28887334
760	17	07	24	07	10	21	04		25.40264335	122.28887670	25.39543667	122.28994003
761	17	07	24	07	15	21	05		25.39541169	122.28994329	25.38803000	122.29080336
762	17	07	24	07	20	21	05		25.38800670	122.29080336	25.38084000	122.29123168
763	17	07	24	07	25	21	05		25.38081670	122.29123503	25.37419332	122.29281996
764	17	07	24	07	30	21	05		25.37418997	122.29283170	25.37454503	122.29566000
765	17	07	24	07	35	21	05		25.37454830	122.29566663	25.37561003	122.29759002
766	17	07	24	07	40	21	03		25.37561330	122.29760000	25.37633163	122.29924000
767	17	07	24	07	45	21	03		25.37633498	122.29924503	25.37736998	122.30022504
768	17	07	24	07	50	21	04		25.37737333	122.30022831	25.37825335	122.30059669
769	17	07	24	07	55	21	04		25.37825670	122.30059837	25.37904996	122.30132667
770	17	07	24	08	00	21	04		25.37905332	122.30133003	25.38013835	122.30202329
771	17	07	24	08	05	21	02		25.38014171	122.30202329	25.38085836	122.30292167
772	17	07	24	08	10	21	02		25.38086004	122.30292837	25.38585666	122.29792002
773	17	07	24	08	15	21	02		25.38588834	122.29789169	25.39416664	122.28806499
774	17	07	24	08	20	21	03		25.39419330	122.28803163	25.40208000	122.27868665
775	17	07	24	08	25	21	03		25.40210498	122.27865497	25.40480998	122.27536666
776	17	07	24	08	30	21	03		25.40480504	122.27537337	25.40404337	122.27743330
777	17	07	24	08	35	21	01		25.40404170	122.27744001	25.40376334	122.27923835
778	17	07	24	08	40	21	01		25.40376334	122.27924329	25.40353334	122.28076503
779	17	07	24	08	45	21	01		25.40353334	122.28076997	25.40349503	122.28197663
780	17	07	24	08	50	21	01		25.40349503	122.28197998	25.40344834	122.28318170
781	17	07	24	08	55	21	02		25.40344834	122.28318664	25.40316663	122.28459329
782	17	07	24	09	00	21	02		25.40316503	122.28459832	25.40290503	122.28600003
783	17	07	24	09	05	21	00		25.40290503	122.28600330	25.40269833	122.28731004
784	17	07	24	09	10	21	00		25.40269833	122.28731498	25.40248166	122.28855668
785	17	07	24	09	15	21	00		25.40248166	122.28856003	25.40223330	122.28994003
786	17	07	24	09	20	21	00		25.40223330	122.28994497	25.40195670	122.29139999
787	17	07	24	09	25	21	00		25.40195670	122.29140501	25.40171832	122.29286171
788	17	07	24	09	30	21	01		25.40171664	122.29286665	25.40126167	122.29423667
789	17	07	24	09	35	20	09		25.40126000	122.29424170	25.40064669	122.29557334
790	17	07	24	09	40	20	09		25.40064334	122.29557836	25.39995837	122.29690329
791	17	07	24	09	45	20	09		25.39995669	122.29690832	25.39936334	122.29823166
792	17	07	24	09	50	20	09		25.39936166	122.29823501	25.39873168	122.29958332
793	17	07	24	09	55	21	00		25.39873000	122.29958835	25.39788829	122.30080163
794	17	07	24	10	00	20	08		25.39788502	122.30080666	25.39689663	122.30193671
795	17	07	24	10	05	20	08		25.39689336	122.30193830	25.39599331	122.30318503
796	17	07	24	10	10	20	08		25.39599163	122.30318997	25.39529837	122.30482830
797	17	07	24	10	15	20	08		25.39529501	122.30483500	25.40404002	122.30621668
798	17	07	24	10	20	20	08		25.40407833	122.30621835	25.41576496	122.30741831
799	17	07	24	10	25	20	08		25.41580503	122.30742166	25.42514163	122.30886837
800	17	07	24	10	30	20	07		25.42514004	122.30886167	25.42435331	122.30863335
801	17	07	24	10	35	20	07		25.42435331	122.30863502	25.42367337	122.30932997
802	17	07	24	10	40	20	07		25.42367002	122.30933164	25.42292998	122.30985166
803	17	07	24	10	45	20	07		25.42292831	122.30985333	25.42222003	122.30989164
804	17	07	24	10	50	20	07		25.42221668	122.30989164	25.42120666	122.30992835
805	17	07	24	10	55	20	07		25.42120163	122.30992835	25.42269001	122.30786665
806	17	07	24	11	00	20	05		25.42269663	122.30786003	25.42266503	122.30734337
807	17	07	24	11	05	20	06		25.42266168	122.30734496	25.42133499	122.30795500
808	17	07	24	11	10	20	06		25.42132996	122.30795668	25.41987671	122.30854835
809	17	07	24	11	15	20	06		25.41987168	122.30855003	25.41855664	122.30881498
810	17	07	24	11	20	20	06		25.41855169	122.30881498	25.41835003	122.30615834
811	17	07	24	11	25	20	04		25.41836997	122.30614166	25.42195332	122.30920499
812	17	07	24	11	30	20	04		25.42193664	122.30922997	25.41643837	122.30867165
813	17	07	24	11	35	20	05		25.41644331	122.30863997	25.41732668	122.29963831
814	17	07	24	11	40	20	05		25.41732836	122.29961165	25.41798667	122.29097997
815	17	07	24	11	45	20	05		25.41799170	122.29093999	25.41944831	122.27933331
816	17	07	24	11	50	20	05		25.41945334	122.27929669	25.42068330	122.26846668
817	17	07	24	11	55	20	03		25.42068665	122.26842997	25.42146835	122.25826330
818	17	07	24	12	00	20	03		25.42147337	122.25823003	25.42229329	122.24939835
819	17	07	24	12	05	20	03		25.42229329	122.24938503	25.41923331	122.25154504
820	17	07	24	12	10	20	04		25.41922334	122.25156164	25.41647164	122.25620169
821	17	07	24	12	15	20	04		25.41646334	122.25621670	25.41336170	122.25990004
822	17	07	24	12	20	20	04		25.41334997	122.25990834	25.41025336	122.26243003
823	17	07	24	12	25	20	02		25.41024330	122.26243833	25.40713663	122.26487503
824	17	07	24	12	30	20	02		25.40712498	122.26488166	25.40377499	122.26715667
825	17	07	24	12	35	20	02		25.40376501	122.26716497	25.40369335	122.26719171
826	17	07	24	12	40	20	03		25.40371665	122.26717670	25.40942665	122.26167667
827	17	07	24	12	45	20	03		25.40944501	122.26165663	25.41526834	122.25599332
828	17	07	24	12	50	20	03		25.41528837	122.25597496	25.42082001	122.24993831
829	17	07	24	12	55	20	01		25.42083836	122.24991837	25.41987503	122.24972667
830	17	07	24	13	00	20	01		25.41986170	122.24973832	25.41684330	122.25314833
831	17	07	24	13	05	20	01		25.41683500	122.25315998	25.41435337	122.25648332
832	17	07	24	13	10	20	01		25.41434499	122.25649497	25.41219503	122.25927165
833	17	07	24	13	15	20	02		25.41220165	122.25926830	25.41511998	122.25694332
834	17	07	24	13	20	20	02		25.41512668	122.25693502	25.41784996	122.25369332
835	17	07	24	13	25	20	00		25.41786497	122.25368167	25.41581836	122.25482999
836	17	07	24	13	30	20	00		25.41580671	122.25484164	25.41670835	122.25467836
837	17	07	24	13	35	20	00		25.41670667	122.25468331	25.41583504	122.25645332
838	17	07	24	13	40	20	00		25.41583001	122.25646170	25.41363504	122.25995335
839	17	07	24	13	45	20	00		25.41362666	122.25996500	25.41098502	122.26384004
840	17	07	24	13	50	20	01		25.41097663	122.26385336	25.40867496	122.26780501
841	17	07	24	13	55	19	09		25.40868502	122.26781004	25.41587996	122.26648671
842	17	07	24	14	00	19	09		25.41590670	122.26648168	25.42385668	122.26458334
843	17	07	24	14	05	19	09		25.42388502	122.26457664	25.43231671	122.26310670
844	17	07	24	14	10	19	09		25.43234336	122.26310167	25.44056333	122.26007002
845	17	07	24	14	15	19	09		25.44059166	122.26005997	25.44924664	122.25800171
846	17	07	24	14	20	20	00		25.44927497	122.25799332	25.45770331	122.25595837
847	17	07	24	14	25	19	08		25.45773164	122.25594998	25.46646668	122.25420998
848	17	07	24	14	30	19	08		25.46649668	122.25420336	25.47534169	122.25225499
849	17	07	24	14	35	19	08		25.47537002	122.25224996	25.48368503	122.25031500
850	17	07	24	14	40	19	08		25.48371336	122.25030829	25.49263163	122.24830502
851	17	07	24	14	45	19	08		25.49266163	122.24829999	25.50207334	122.24634332
852	17	07	24	14	50	19	08		25.50210334	122.24633167	25.51154003	122.24393000
853	17	07	24	14	55	19	07		25.51156836	122.24392170	25.51933000	122.24199504
854	17	07	24	15	00	19	07		25.51935665	122.24199168	25.52722164	122.24097664
855	17	07	24	15	05	19	07		25.52724830	122.24097337	25.53510499	122.23958331
856	17	07	24	15	10	19	07		25.53513165	122.23957669	25.54303997	122.23693999
857	17	07	24	15	15	19	07		25.54306663	122.23693002	25.55165833	122.23496337
858	17	07	24	15	20	19	07		25.55168666	122.23495835	25.56070668	122.23280001
859	17	07	24	15	25	19	05		25.56073836	122.23279330	25.56958831	122.23087669
860	17	07	24	15	30	19	06		25.56961999	122.23087334	25.57848000	122.22960499
861	17	07	24	15	35	19	06		25.57851001	122.22960164	25.58484337	122.22852498
862	17	07	24	15	40	19	06		25.58484002	122.22853831	25.58189169	122.23165336
863	17	07	24	15	45	19	06		25.58188163	122.23166166	25.57853498	122.23387834
864	17	07	24	15	50	19	06		25.57851998	122.23388001	25.57438334	122.23384171
865	17	07	24	15	55	19	04		25.57437002	122.23384003	25.57070830	122.23436331
866	17	07	24	16	00	19	05		25.57069665	122.23436667	25.57199668	122.23401169
867	17	07	24	16	05	19	05		25.57202501	122.23399996	25.58109666	122.22996164
868	17	07	24	16	10	19	05		25.58112835	122.22994831	25.58470331	122.22950667
869	17	07	24	16	15	19	05		25.58469501	122.22951329	25.58407836	122.23106168
870	17	07	24	16	20	19	05		25.58409998	122.23106503	25.58376663	122.23330166
871	17	07	24	16	25	19	03		25.58377166	122.23330837	25.58816831	122.22808334
872	17	07	24	16	30	19	03		25.58817836	122.22807001	25.58509164	122.22788000
873	17	07	24	16	35	19	04		25.58506667	122.22787664	25.58438002	122.22580170
874	17	07	24	16	40	19	04		25.58437499	122.22580497	25.58248663	122.22804001
875	17	07	24	16	45	19	04		25.58248663	122.22805166	25.57989168	122.22894500
876	17	07	24	16	50	19	04		25.57988330	122.22894500	25.57770501	122.22852834
877	17	07	24	16	55	19	02		25.57769830	122.22852666	25.57600164	122.22842666
878	17	07	24	17	00	19	02		25.57599502	122.22842666	25.57444663	122.22781504
879	17	07	24	17	05	19	03		25.57444001	122.22781336	25.57157666	122.22793498
880	17	07	24	17	10	19	03		25.57153333	122.22794504	25.55815330	122.23263832
881	17	07	24	17	15	19	03		25.55810837	122.23265332	25.54480000	122.23796334
882	17	07	24	17	20	19	01		25.54475499	122.23798337	25.53125334	122.24258998
883	17	07	24	17	25	19	01		25.53120833	122.24260331	25.51909832	122.24634164
884	17	07	24	17	30	19	01		25.51906002	122.24635337	25.50753331	122.25075002
885	17	07	24	17	35	19	01		25.50749333	122.25076335	25.49587668	122.25479169
886	17	07	24	17	40	19	02		25.49584164	122.25480669	25.49258997	122.25449497
887	17	07	24	17	45	19	02		25.49258837	122.25448499	25.49241336	122.25115998
888	17	07	24	17	50	19	00		25.49241336	122.25115000	25.49249500	122.24823503
889	17	07	24	17	55	19	00		25.49249500	122.24822497	25.49281335	122.24487497
890	17	07	24	18	00	19	00		25.49281502	122.24486332	25.48767004	122.24627836
891	17	07	24	18	05	19	00		25.48764003	122.24629336	25.47783832	122.25043830
892	17	07	24	18	10	19	00		25.47780169	122.25044835	25.46743663	122.25388334
893	17	07	24	18	15	19	01		25.46740168	122.25389332	25.46527167	122.25291498
894	17	07	24	18	20	18	09		25.46527167	122.25290836	25.46543168	122.25040502
895	17	07	24	18	25	18	09		25.46543336	122.25039664	25.46640834	122.24724663
896	17	07	24	18	30	18	09		25.46641169	122.24723498	25.46682165	122.24375498
897	17	07	24	18	35	18	09		25.46682333	122.24374333	25.46733663	122.24056835
898	17	07	24	18	40	18	09		25.46733831	122.24055829	25.46801833	122.23714669
899	17	07	24	18	45	19	00		25.46802001	122.23713504	25.46899667	122.23371497
900	17	07	24	18	50	18	08		25.46901997	122.23371003	25.46847004	122.24322332
901	17	07	24	18	55	18	08		25.46846501	122.24325836	25.46663004	122.25345997
902	17	07	24	19	00	18	08		25.46662669	122.25349165	25.46542170	122.26353670
903	17	07	24	19	05	18	08		25.46541668	122.26356997	25.46379000	122.27325333
904	17	07	24	19	10	18	08		25.46378497	122.27328669	25.46278501	122.28321170
905	17	07	24	19	15	18	08		25.46278166	122.28324498	25.46178337	122.28998663
906	17	07	24	19	20	18	07		25.46178999	122.28998663	25.46359001	122.28600665
907	17	07	24	19	25	18	07		25.46359336	122.28599165	25.46429836	122.28132167
908	17	07	24	19	30	18	07		25.46430004	122.28130834	25.46505835	122.27722334
909	17	07	24	19	35	18	07		25.46505835	122.27721001	25.46575170	122.27330170
910	17	07	24	19	40	18	07		25.46575329	122.27328837	25.46638001	122.26921166
911	17	07	24	19	45	18	05		25.46638168	122.26919666	25.46741668	122.26471670
912	17	07	24	19	50	18	05		25.46742163	122.26470170	25.46897002	122.25994002
913	17	07	24	19	55	18	06		25.46897664	122.25992334	25.47049837	122.25547004
914	17	07	24	20	00	18	06		25.47050332	122.25545671	25.47225002	122.25158670
915	17	07	24	20	05	18	06		25.47225664	122.25157170	25.47402003	122.24774167
916	17	07	24	20	10	18	06		25.47402665	122.24773002	25.47571502	122.24370000
917	17	07	24	20	15	18	04		25.47572164	122.24368667	25.47759667	122.24014834
918	17	07	24	20	20	18	04		25.47760170	122.24013668	25.47920331	122.23613332
919	17	07	24	20	25	18	05		25.47920834	122.23611832	25.48076671	122.23222501
920	17	07	24	20	30	18	05		25.48077333	122.23221336	25.48236497	122.22878667
921	17	07	24	20	35	18	05		25.48237167	122.22877502	25.48415165	122.22571503
922	17	07	24	20	40	18	05		25.48415836	122.22570330	25.48587833	122.22250996
923	17	07	24	20	45	18	03		25.48588503	122.22249831	25.48779669	122.21886165
924	17	07	24	20	50	18	03		25.48780331	122.21884833	25.48945497	122.21491998
925	17	07	24	20	55	18	03		25.48946167	122.21490665	25.49159998	122.21102835
926	17	07	24	21	00	18	04		25.49160836	122.21101502	25.49419669	122.20748330
927	17	07	24	21	05	18	04		25.49420499	122.20747165	25.49705836	122.20368664
928	17	07	24	21	10	18	04		25.49706833	122.20367331	25.50019504	122.19977170
929	17	07	24	21	15	18	02		25.50020669	122.19975838	25.50358669	122.19614670
930	17	07	24	21	20	18	02		25.50359834	122.19613496	25.50687164	122.19253167
931	17	07	24	21	25	18	02		25.50688329	122.19251834	25.51027168	122.18910171
932	17	07	24	21	30	18	03		25.51028668	122.18908830	25.50963004	122.19196170
933	17	07	24	21	35	18	03		25.50961998	122.19199170	25.50572835	122.20036665
934	17	07	24	21	40	18	03		25.50571335	122.20039498	25.50125166	122.20837330
935	17	07	24	21	45	18	01		25.50123833	122.20840330	25.49709667	122.21699165
936	17	07	24	21	50	18	01		25.49708334	122.21702166	25.49220666	122.22593665
937	17	07	24	21	55	18	01		25.49218831	122.22596666	25.48701164	122.23509832
938	17	07	24	22	00	18	01		25.48699169	122.23512833	25.48207336	122.24398666
939	17	07	24	22	05	18	02		25.48205836	122.24402002	25.47780337	122.25368997
940	17	07	24	22	10	18	00		25.47779004	122.25372333	25.47399170	122.26374499
941	17	07	24	22	15	18	00		25.47398164	122.26378002	25.47000334	122.27360336
942	17	07	24	22	20	18	00		25.46998666	122.27363496	25.46496665	122.28350004
943	17	07	24	22	25	18	00		25.46494829	122.28353332	25.46160836	122.29092163
944	17	07	24	22	30	18	00		25.46160668	122.29092004	25.46169670	122.28877335
945	17	07	24	22	35	18	00		25.46169670	122.28877000	25.46121500	122.28692832
946	17	07	24	22	40	17	09		25.46121332	122.28691500	25.46123000	122.28393163
947	17	07	24	22	45	17	09		25.46123000	122.28392165	25.46163669	122.28073334
948	17	07	24	22	50	17	09		25.46163669	122.28072169	25.46206333	122.27771334
949	17	07	24	22	55	17	09		25.46206500	122.27770337	25.46263330	122.27477834
950	17	07	24	23	00	17	09		25.46263497	122.27476836	25.46363996	122.27195665
951	17	07	24	23	05	17	09		25.46364332	122.27194668	25.46453163	122.26911502
952	17	07	24	23	10	17	08		25.46453331	122.26910664	25.46536664	122.26622829
953	17	07	24	23	15	17	08		25.46536999	122.26621999	25.46652334	122.26369671
954	17	07	24	23	20	17	08		25.46652669	122.26368832	25.46759496	122.26136168
955	17	07	24	23	25	17	08		25.46759999	122.26135497	25.46851337	122.25909999
956	17	07	24	23	30	17	08		25.46851664	122.25909169	25.46967166	122.25691164
957	17	07	24	23	35	17	06		25.46967502	122.25690334	25.47083667	122.25472497
958	17	07	24	23	40	17	06		25.47083834	122.25471835	25.47136330	122.25259169
959	17	07	24	23	45	17	07		25.47136665	122.25258331	25.47232001	122.25036001
960	17	07	24	23	50	17	07		25.47232504	122.25035163	25.47333665	122.24791836
961	17	07	24	23	55	17	07		25.47334000	122.24790998	25.47437500	122.24584501
962	17	07	25	00	00	17	07		25.47438003	122.24583998	25.47564503	122.24389337
963	17	07	25	00	05	17	05		25.47564830	122.24388666	25.47700332	122.24192496
964	17	07	25	00	10	17	05		25.47700834	122.24191834	25.47837166	122.24026836
965	17	07	25	00	15	17	05		25.47837501	122.24026334	25.47971503	122.23855334
966	17	07	25	00	20	17	06		25.47971830	122.23854831	25.48124833	122.23697998
967	17	07	25	00	25	17	06		25.48125168	122.23697503	25.48278834	122.23563166
968	17	07	25	00	30	17	06		25.48279337	122.23562663	25.48434502	122.23448334
969	17	07	25	00	35	17	04		25.48434997	122.23447999	25.48591831	122.23343502
970	17	07	25	00	40	17	04		25.48592334	122.23342999	25.48762830	122.23227832
971	17	07	25	00	45	17	04		25.48763501	122.23227496	25.48930334	122.23118498
972	17	07	25	00	50	17	05		25.48930837	122.23118003	25.49063330	122.22969501
973	17	07	25	00	55	17	05		25.49063832	122.22968998	25.49202670	122.22835667
974	17	07	25	01	00	17	05		25.49203165	122.22835165	25.49328164	122.22734498
975	17	07	25	01	05	17	03		25.49328499	122.22734163	25.49434832	122.22651836
976	17	07	25	01	10	17	03		25.49435168	122.22651500	25.49533831	122.22574663
977	17	07	25	01	15	17	03		25.49534166	122.22574504	25.49663667	122.22562669
978	17	07	25	01	20	17	03		25.49664170	122.22562669	25.49747502	122.22517666
979	17	07	25	01	25	17	04		25.49747670	122.22517499	25.49796671	122.22447501
980	17	07	25	01	30	17	04		25.49796671	122.22447166	25.49835831	122.22414334
981	17	07	25	01	35	17	02		25.49836166	122.22414334	25.49881336	122.22411836
982	17	07	25	01	40	17	02		25.49881336	122.22411836	25.49881504	122.22404670
983	17	07	25	01	45	17	02		25.49881504	122.22404670	25.49904831	122.22358167
984	17	07	25	01	50	17	02		25.49904998	122.22357832	25.49981500	122.22250996
985	17	07	25	01	55	17	03		25.49981835	122.22250669	25.50101504	122.22095168
986	17	07	25	02	00	17	03		25.50101998	122.22094665	25.50241004	122.21934169
987	17	07	25	02	05	17	01		25.50241498	122.21933833	25.50393169	122.21802497
988	17	07	25	02	10	17	01		25.50393663	122.21802170	25.50537664	122.21711168
989	17	07	25	02	15	17	01		25.50538167	122.21711168	25.50692336	122.21689836
990	17	07	25	02	20	17	01		25.50692998	122.21690004	25.50874667	122.21652168
991	17	07	25	02	25	17	01		25.50875832	122.21651833	25.50913668	122.21969163
992	17	07	25	02	30	17	02		25.50913668	122.21969834	25.50843998	122.22073501
993	17	07	25	02	35	17	00		25.50843830	122.22074004	25.50754337	122.22219832
994	17	07	25	02	40	17	00		25.50753834	122.22220168	25.50720499	122.22300667
995	17	07	25	02	45	17	00		25.50720499	122.22301170	25.50695663	122.22452832
996	17	07	25	02	50	17	00		25.50695504	122.22453503	25.50698496	122.22605836
997	17	07	25	02	55	17	00		25.50698337	122.22606330	25.50679168	122.22811167
998	17	07	25	03	00	16	08		25.50679168	122.22811829	25.50675999	122.23019332
999	17	07	25	03	05	16	09		25.50675999	122.23019835	25.50724665	122.23189669
1000	17	07	25	03	10	16	09		25.50725000	122.23190331	25.50784168	122.23307996
1001	17	07	25	03	15	16	09		25.50784168	122.23308331	25.50763163	122.23402997
1002	17	07	25	03	20	16	09		25.50763004	122.23403164	25.50726500	122.23458837
1003	17	07	25	03	25	16	09		25.50726333	122.23458996	25.50652337	122.23537501
1004	17	07	25	03	30	16	07		25.50652170	122.23537669	25.50595500	122.23605830
1005	17	07	25	03	35	16	08		25.50595332	122.23606165	25.50511169	122.23683832
1006	17	07	25	03	40	16	08		25.50510834	122.23684167	25.50420167	122.23808832
1007	17	07	25	03	45	16	08		25.50419832	122.23809502	25.50416001	122.23962170
1008	17	07	25	03	50	16	08		25.50416169	122.23962497	25.50494665	122.24081000
1009	17	07	25	03	55	16	08		25.50495168	122.24081503	25.50597830	122.24223836
1010	17	07	25	04	00	16	06		25.50598165	122.24224331	25.50767337	122.24377996
1011	17	07	25	04	05	16	06		25.50767999	122.24378332	25.51000337	122.24463668
1012	17	07	25	04	10	16	07		25.51001167	122.24463835	25.51225500	122.24515501
1013	17	07	25	04	15	16	07		25.51226171	122.24515501	25.51442499	122.24528996
1014	17	07	25	04	20	16	07		25.51443337	122.24528996	25.51519998	122.24705502
1015	17	07	25	04	25	16	07		25.51519336	122.24706667	25.51240831	122.24886166
1016	17	07	25	04	30	16	05		25.51240169	122.24886334	25.50888170	122.25020830
1017	17	07	25	04	35	16	05		25.50886829	122.25021165	25.50486334	122.25164169
1018	17	07	25	04	40	16	06		25.50485169	122.25164663	25.50126004	122.25309335
1019	17	07	25	04	45	16	06		25.50124663	122.25309997	25.49710002	122.25488833
1020	17	07	25	04	50	16	06		25.49708501	122.25489663	25.49426668	122.25575670
1021	17	07	25	04	55	16	04		25.49425662	122.25575997	25.49510831	122.25792836
1022	17	07	25	05	00	16	04		25.49512331	122.25793499	25.49941502	122.25942831
1023	17	07	25	05	05	16	04		25.49942499	122.25943501	25.50130832	122.26224496
1024	17	07	25	05	10	16	05		25.50130664	122.26224831	25.50064665	122.26307502
1025	17	07	25	05	15	16	05		25.50064665	122.26307997	25.50045496	122.26414665
1026	17	07	25	05	20	16	05		25.50044498	122.26413164	25.49511334	122.25850831
1027	17	07	25	05	25	16	03		25.49509666	122.25848836	25.49267496	122.25719168
1028	17	07	25	05	30	16	03		25.49268167	122.25720165	25.49550000	122.25809332
1029	17	07	25	05	35	16	03		25.49550503	122.25807832	25.49712667	122.25646337
1030	17	07	25	05	40	16	03		25.49713170	122.25646170	25.49882166	122.25762670
1031	17	07	25	05	45	16	04		25.49882837	122.25763332	25.50011834	122.25832164
1032	17	07	25	05	50	16	02		25.50011164	122.25830832	25.49677832	122.25204167
1033	17	07	25	05	55	16	02		25.49676499	122.25201996	25.49277336	122.24542332
1034	17	07	25	06	00	16	02		25.49275668	122.24540169	25.48844830	122.23825998
1035	17	07	25	06	05	16	02		25.48842668	122.23822670	25.48214167	122.22701834
1036	17	07	25	06	10	16	02		25.48212164	122.22698003	25.47579330	122.21513171
1037	17	07	25	06	15	16	03		25.47577168	122.21509164	25.46930663	122.20306998
1038	17	07	25	06	20	16	01		25.46928501	122.20302832	25.46274670	122.19120665
1039	17	07	25	06	25	16	01		25.46272332	122.19116835	25.45564665	122.17949999
1040	17	07	25	06	30	16	01		25.45562334	122.17946000	25.44895336	122.16710835
1041	17	07	25	06	35	16	01		25.44893165	122.16706669	25.44204332	122.15420499
1042	17	07	25	06	40	16	01		25.44202169	122.15415998	25.43487671	122.14141496
1043	17	07	25	06	45	16	01		25.43484997	122.14137331	25.42772334	122.12871001
1044	17	07	25	06	50	16	00		25.42770004	122.12866835	25.42033335	122.11565335
1045	17	07	25	06	55	16	00		25.42030837	122.11560834	25.41252670	122.10237332
1046	17	07	25	07	00	16	00		25.41249837	122.10232998	25.40465835	122.08906998
1047	17	07	25	07	05	16	00		25.40463329	122.08902664	25.39707667	122.07569171
1048	17	07	25	07	10	16	00		25.39704834	122.07565164	25.38950664	122.06219835
1049	17	07	25	07	15	15	08		25.38948334	122.06214999	25.38198665	122.04822337
1050	17	07	25	07	20	15	08		25.38196167	122.04817836	25.37426834	122.03449667
1051	17	07	25	07	25	15	09		25.37424169	122.03444998	25.36639170	122.02052831
1052	17	07	25	07	30	15	09		25.36636664	122.02048003	25.35846996	122.00635501
1053	17	07	25	07	35	15	09		25.35844331	122.00630665	25.35055837	121.99178835
1054	17	07	25	07	40	15	09		25.35053330	121.99173496	25.34275004	121.97704333
1055	17	07	25	07	45	15	07		25.34272330	121.97699497	25.33443502	121.96249670
1056	17	07	25	07	50	15	07		25.33440669	121.96245002	25.32581666	121.94752998
1057	17	07	25	07	55	15	08		25.32578498	121.94748002	25.31680168	121.93242663
1058	17	07	25	08	00	15	08		25.31677335	121.93237164	25.30765166	121.91639833
1059	17	07	25	08	05	15	08		25.30761997	121.91634502	25.29831329	121.90097831
1060	17	07	25	08	10	15	08		25.29828337	121.90092668	25.29011663	121.88496997
1061	17	07	25	08	15	25	08		25.29009165	121.88491666	25.28275497	121.87080329
1062	17	07	25	08	20	25	06		25.28273997	121.87078997	25.28120164	121.86889163
1063	17	07	25	08	25	25	06		25.28119837	121.86888501	25.28046663	121.86710335
1064	17	07	25	08	30	15	07		25.28046504	121.86709497	25.27980664	121.86541666
1065	17	07	25	08	35	15	07		25.27980169	121.86543167	25.28335998	121.87125667
1066	17	07	25	08	40	15	07		25.28336836	121.87126664	25.28426833	121.86791665
1067	17	07	25	08	45	25	07		25.28426665	121.86789997	25.28293166	121.86602837
1068	17	07	25	08	50	25	05		25.28292999	121.86601832	25.28244166	121.86310334
1069	17	07	25	08	55	25	05		25.28244166	121.86309831	25.28048331	121.85735000
1070	17	07	25	09	00	25	05		25.28048834	121.85730834	25.26838831	121.84753999
1071	17	07	25	09	05	25	05		25.26834003	121.84751166	25.25511665	121.83920670
1072	17	07	25	09	10	25	05		25.25507499	121.83917670	25.24287497	121.83046337
1073	17	07	25	09	15	25	05		25.24283499	121.83043169	25.23038501	121.82287331
1074	17	07	25	09	20	25	04		25.23034335	121.82285001	25.21692166	121.81654170
1075	17	07	25	09	25	25	04		25.21687665	121.81651999	25.20376668	121.81012670
1076	17	07	25	09	30	25	04		25.20372503	121.81010331	25.19077163	121.80500334
1077	17	07	25	09	35	25	04		25.19072830	121.80498666	25.18904999	121.80429163
