"Series Data"
"C:\Users\user\Google ¶³ºÝµwºÐ\¬v¬yÆ[´ú¤ÀªR_1082\cr2247001_000000.LTA"
"Broadband 153.6 kHz"
"Pings/Ens ="	60
"Time/Ping = 00:02.00"
"First Ensemble Date = 17/06/28"
"First Ensemble Time = 18:40:08.00"
"Ensemble Interval (s) = "	300.00
"1st Bin Range (m) = "	15.96
"Bin Size (m) ="	8.00


Ens	YR	MO	DA	HH	MM	SS	HH		"Eas"	"Nor"
									"mm/s"	"mm/s"
									1	1

1	17	06	28	18	40	08	00		422	239
2	17	06	28	18	45	08	00		50	-30
3	17	06	28	18	50	08	00		168	-69
4	17	06	28	18	55	08	00		255	887
5	17	06	28	19	00	08	00		1435	3352
6	17	06	28	19	05	08	00		1395	3567
7	17	06	28	19	10	08	00		507	844
8	17	06	28	19	15	08	00		483	849
9	17	06	28	19	20	08	00		117	-497
10	17	06	28	19	25	08	00		5	-851
11	17	06	28	19	30	08	00		405	-5172
12	17	06	28	19	35	08	00		3031	-3860
13	17	06	28	19	40	08	00		3213	-3392
14	17	06	28	19	45	08	00		519	-166
15	17	06	28	19	50	08	00		525	103
16	17	06	28	19	55	08	00		-56	-1515
17	17	06	28	20	00	08	00		-126	-1586
18	17	06	28	20	05	08	00		-1718	-4035
19	17	06	28	20	10	08	00		-3012	-3246
20	17	06	28	20	15	08	00		-35	-354
21	17	06	28	20	20	08	00		248	33
22	17	06	28	20	25	08	00		-401	-1315
23	17	06	28	20	30	08	00		-2646	-2110
24	17	06	28	20	35	08	00		-1076	-691
25	17	06	28	20	40	08	00		-705	-346
26	17	06	28	20	45	08	00		-35	84
27	17	06	28	20	50	08	00		-1768	935
28	17	06	28	20	55	08	00		-4358	2509
29	17	06	28	21	00	08	00		-3811	3307
30	17	06	28	21	05	08	00		-853	377
31	17	06	28	21	10	08	00		102	-32
32	17	06	28	21	15	08	00		285	-72
33	17	06	28	21	20	08	00		-807	387
34	17	06	28	21	25	08	00		-2501	904
35	17	06	28	21	30	08	00		-4855	1406
36	17	06	28	21	35	08	00		-2398	867
37	17	06	28	21	40	08	00		-89	54
38	17	06	28	21	45	08	00		-1010	231
39	17	06	28	21	50	08	00		-2940	1165
40	17	06	28	21	55	08	00		144	218
41	17	06	28	22	00	08	00		-253	120
42	17	06	28	22	05	08	00		-1176	-237
43	17	06	28	22	10	08	00		-4779	-578
44	17	06	28	22	15	08	00		-4904	-427
45	17	06	28	22	20	08	00		-4859	-300
46	17	06	28	22	25	08	00		-4753	-59
47	17	06	28	22	30	08	00		-2542	-80
48	17	06	28	22	35	08	00		207	-197
49	17	06	28	22	40	08	00		70	-563
50	17	06	28	22	45	08	00		-1788	-93
51	17	06	28	22	50	08	00		-4700	-319
52	17	06	28	22	55	08	00		-4684	-85
53	17	06	28	23	00	08	00		-4901	-46
54	17	06	28	23	05	08	00		-4968	200
55	17	06	28	23	10	08	00		-4995	417
56	17	06	28	23	15	08	00		-4391	355
57	17	06	28	23	20	08	00		27	-139
58	17	06	28	23	25	08	00		-272	-442
59	17	06	28	23	30	08	00		-1547	663
60	17	06	28	23	35	08	00		-5046	344
61	17	06	28	23	40	08	00		-5044	364
62	17	06	28	23	45	08	00		-5232	114
63	17	06	28	23	50	08	00		-2340	439
64	17	06	28	23	55	08	00		145	565
65	17	06	29	00	00	08	00		-800	200
66	17	06	29	00	05	08	00		146	-683
67	17	06	29	00	10	08	00		4417	-1624
68	17	06	29	00	15	08	00		4513	-1605
69	17	06	29	00	20	08	00		4654	-1481
70	17	06	29	00	25	08	00		4893	-1211
71	17	06	29	00	30	08	00		5062	-1096
72	17	06	29	00	35	08	00		4964	-972
73	17	06	29	00	40	08	00		5021	-990
74	17	06	29	00	45	08	00		5092	-1098
75	17	06	29	00	50	08	00		5171	-1100
76	17	06	29	00	55	08	00		5215	-1258
77	17	06	29	01	00	08	00		5167	-1242
78	17	06	29	01	05	08	00		5166	-1146
79	17	06	29	01	10	08	00		4725	-1815
80	17	06	29	01	15	08	00		4558	-1267
81	17	06	29	01	20	08	00		402	0
82	17	06	29	01	25	08	00		-311	564
83	17	06	29	01	30	08	00		55	950
84	17	06	29	01	35	08	00		428	853
85	17	06	29	01	40	08	00		350	511
86	17	06	29	01	45	08	00		332	515
87	17	06	29	01	50	08	00		221	522
88	17	06	29	01	55	08	00		247	553
89	17	06	29	02	00	08	00		216	578
90	17	06	29	02	05	08	00		249	605
91	17	06	29	02	10	08	00		235	562
92	17	06	29	02	15	08	00		212	634
93	17	06	29	02	20	08	00		219	621
94	17	06	29	02	25	08	00		417	455
95	17	06	29	02	30	08	00		447	367
96	17	06	29	02	35	08	00		451	402
97	17	06	29	02	40	08	00		357	420
98	17	06	29	02	45	08	00		444	453
99	17	06	29	02	50	08	00		416	445
100	17	06	29	02	55	08	00		469	434
101	17	06	29	03	00	08	00		431	455
102	17	06	29	03	05	08	00		434	414
103	17	06	29	03	10	08	00		480	449
104	17	06	29	03	15	08	00		413	514
105	17	06	29	03	20	08	00		437	544
106	17	06	29	03	25	08	00		429	620
107	17	06	29	03	30	08	00		406	614
108	17	06	29	03	35	08	00		252	542
109	17	06	29	03	40	08	00		276	494
110	17	06	29	03	45	08	00		-320	447
111	17	06	29	03	50	08	00		-692	-91
112	17	06	29	03	55	08	00		-266	-511
113	17	06	29	04	00	08	00		371	-245
114	17	06	29	04	05	08	00		270	401
115	17	06	29	04	10	08	00		-472	455
116	17	06	29	04	15	08	00		-612	-237
117	17	06	29	04	20	08	00		100	-468
118	17	06	29	04	25	08	00		484	137
119	17	06	29	04	30	08	00		-19	546
120	17	06	29	04	35	08	00		-680	90
121	17	06	29	04	40	08	00		-257	-440
122	17	06	29	04	45	08	00		402	-216
123	17	06	29	04	50	08	00		309	367
124	17	06	29	04	55	08	00		-522	492
125	17	06	29	05	00	08	00		-632	-75
126	17	06	29	05	05	08	00		128	-317
127	17	06	29	05	10	08	00		847	168
128	17	06	29	05	15	08	00		482	-93
129	17	06	29	05	20	08	00		468	-88
130	17	06	29	05	25	08	00		515	-74
131	17	06	29	05	30	08	00		511	-100
132	17	06	29	05	35	08	00		462	-123
133	17	06	29	05	40	08	00		507	-74
134	17	06	29	05	45	08	00		522	-95
135	17	06	29	05	50	08	00		455	-97
136	17	06	29	05	55	08	00		482	-99
137	17	06	29	06	00	08	00		529	-154
138	17	06	29	06	05	08	00		501	-240
139	17	06	29	06	10	08	00		426	-307
140	17	06	29	06	15	08	00		470	-288
141	17	06	29	06	20	08	00		462	-281
142	17	06	29	06	25	08	00		456	-328
143	17	06	29	06	30	08	00		470	-327
144	17	06	29	06	35	08	00		396	-299
145	17	06	29	06	40	08	00		592	-276
146	17	06	29	06	45	08	00		637	-230
147	17	06	29	06	50	08	00		636	-251
148	17	06	29	06	55	08	00		572	-205
149	17	06	29	07	00	08	00		607	-145
150	17	06	29	07	05	08	00		686	-114
151	17	06	29	07	10	08	00		548	-118
152	17	06	29	07	15	08	00		718	-71
153	17	06	29	07	20	08	00		753	-89
154	17	06	29	07	25	08	00		679	-73
155	17	06	29	07	30	08	00		891	-22
156	17	06	29	07	35	08	00		844	-80
157	17	06	29	07	40	08	00		728	-111
158	17	06	29	07	45	08	00		521	-144
159	17	06	29	07	50	08	00		469	-77
160	17	06	29	07	55	08	00		500	-53
161	17	06	29	08	00	08	00		452	126
162	17	06	29	08	05	08	00		135	-3
163	17	06	29	08	10	08	00		-25	-116
164	17	06	29	08	15	08	00		-4	-76
165	17	06	29	08	20	08	00		118	-144
166	17	06	29	08	25	08	00		209	-15
167	17	06	29	08	30	08	00		209	-100
168	17	06	29	08	35	08	00		62	-131
169	17	06	29	08	40	08	00		234	-101
170	17	06	29	08	45	08	00		203	3
171	17	06	29	08	50	08	00		114	-107
172	17	06	29	08	55	08	00		259	-141
173	17	06	29	09	00	08	00		194	-156
174	17	06	29	09	05	08	00		391	-186
175	17	06	29	09	10	08	00		532	48
176	17	06	29	09	15	08	00		439	2
177	17	06	29	09	20	08	00		-377	-55
178	17	06	29	09	25	08	00		-179	91
179	17	06	29	09	30	08	00		-199	99
180	17	06	29	09	35	08	00			
181	17	06	29	09	40	08	00			
182	17	06	29	09	45	08	00			
183	17	06	29	09	50	08	00			
184	17	06	29	09	55	08	00			
185	17	06	29	10	00	08	00			
186	17	06	29	10	05	08	00			
187	17	06	29	10	10	08	00			
188	17	06	29	10	15	08	00			
189	17	06	29	10	20	08	00		-816	480
190	17	06	29	10	25	08	00		-749	470
191	17	06	29	10	30	08	00		-788	493
192	17	06	29	10	35	08	00		-637	448
193	17	06	29	10	40	08	00		-413	289
194	17	06	29	10	45	08	00		-320	253
195	17	06	29	10	50	08	00		-607	322
196	17	06	29	10	55	08	00		-4567	-1050
197	17	06	29	11	00	08	00		-3895	-3286
198	17	06	29	11	05	08	00		-2881	-4216
199	17	06	29	11	10	08	00		-2302	-4703
200	17	06	29	11	15	08	00		-2147	-4963
201	17	06	29	11	20	08	00		-1638	-5022
202	17	06	29	11	25	08	00		-1359	-5110
203	17	06	29	11	30	08	00		-1105	-5242
204	17	06	29	11	35	08	00		-898	-4998
205	17	06	29	11	40	08	00		-830	-5227
206	17	06	29	11	45	08	00		-592	-5149
207	17	06	29	11	50	08	00		636	-5099
208	17	06	29	11	55	08	00		1003	-4985
209	17	06	29	12	00	08	00		1816	-4628
210	17	06	29	12	05	08	00		2684	-4535
211	17	06	29	12	10	08	00		2757	-4311
212	17	06	29	12	15	08	00		2902	-4262
213	17	06	29	12	20	08	00		2751	-4215
214	17	06	29	12	25	08	00		2693	-4339
215	17	06	29	12	30	08	00		2841	-4313
216	17	06	29	12	35	08	00		2766	-4184
217	17	06	29	12	40	08	00		3080	-3989
218	17	06	29	12	45	08	00		3465	-3890
219	17	06	29	12	50	08	00		4507	-2053
220	17	06	29	12	55	08	00		4966	-1001
221	17	06	29	13	00	08	00		5269	-992
222	17	06	29	13	05	08	00		5397	-668
