Total Number of Records            256.
             DATA SET: http://ddo-aviso.vlandata.cls.fr:41080/thredds/dodsC/dataset-duacs-rep-global-merged-allsat-phy-l4
             DT merged all satellites Global Ocean Gridded SSALTO/DUACS Sea Surface Height L4 product and derived variables
             X: 0.5 to 256.5
 Column  1: DATETIME is Time String
 Column  2: TIME is Time Coordinates (days since 01-JAN-1950 00:00:00)   BAD FLAG : -1.E+34
 Column  3: LON is Longitude (degrees_east)   BAD FLAG : -1.E+34
 Column  4: LAT is Latitude (degrees_north)   BAD FLAG : -1.E+34
 Column  5: ADT is Absolute dynamic topography (m)   BAD FLAG : -1.E+34
DATETIME,TIME,LON,LAT,ADT
"13-AUG-2018",25061,121.125,22.125,1.2459  
"13-AUG-2018",25061,121.375,22.125,1.2829  
"13-AUG-2018",25061,121.625,22.125,1.3067  
"13-AUG-2018",25061,121.875,22.125,1.3267  
"13-AUG-2018",25061,122.125,22.125,1.3667  
"13-AUG-2018",25061,122.375,22.125,1.4099  
"13-AUG-2018",25061,122.625,22.125,1.4247  
"13-AUG-2018",25061,122.875,22.125,1.3958  
"13-AUG-2018",25061,123.125,22.125,1.3396  
"13-AUG-2018",25061,123.375,22.125,1.2842  
"13-AUG-2018",25061,123.625,22.125,1.2583  
"13-AUG-2018",25061,123.875,22.125,1.2866  
"13-AUG-2018",25061,124.125,22.125,1.3582  
"13-AUG-2018",25061,124.375,22.125,1.4336  
"13-AUG-2018",25061,124.625,22.125,1.4869  
"13-AUG-2018",25061,124.875,22.125,1.5199  
"13-AUG-2018",25061,121.125,22.375,1.1795  
"13-AUG-2018",25061,121.375,22.375,1.223  
"13-AUG-2018",25061,121.625,22.375,1.2855  
"13-AUG-2018",25061,121.875,22.375,1.3379  
"13-AUG-2018",25061,122.125,22.375,1.3933  
"13-AUG-2018",25061,122.375,22.375,1.4463  
"13-AUG-2018",25061,122.625,22.375,1.4591  
"13-AUG-2018",25061,122.875,22.375,1.4179  
"13-AUG-2018",25061,123.125,22.375,1.3434  
"13-AUG-2018",25061,123.375,22.375,1.268  
"13-AUG-2018",25061,123.625,22.375,1.2222  
"13-AUG-2018",25061,123.875,22.375,1.2385  
"13-AUG-2018",25061,124.125,22.375,1.3168  
"13-AUG-2018",25061,124.375,22.375,1.4136  
"13-AUG-2018",25061,124.625,22.375,1.4894  
"13-AUG-2018",25061,124.875,22.375,1.5333  
"13-AUG-2018",25061,121.125,22.625,1.1227  
"13-AUG-2018",25061,121.375,22.625,1.1683  
"13-AUG-2018",25061,121.625,22.625,1.2577  
"13-AUG-2018",25061,121.875,22.625,1.3455  
"13-AUG-2018",25061,122.125,22.625,1.4191  
"13-AUG-2018",25061,122.375,22.625,1.4776  
"13-AUG-2018",25061,122.625,22.625,1.4943  
"13-AUG-2018",25061,122.875,22.625,1.4562  
"13-AUG-2018",25061,123.125,22.625,1.3813  
"13-AUG-2018",25061,123.375,22.625,1.3028  
"13-AUG-2018",25061,123.625,22.625,1.2447  
"13-AUG-2018",25061,123.875,22.625,1.2394  
"13-AUG-2018",25061,124.125,22.625,1.2993  
"13-AUG-2018",25061,124.375,22.625,1.3979  
"13-AUG-2018",25061,124.625,22.625,1.4926  
"13-AUG-2018",25061,124.875,22.625,1.5475  
"13-AUG-2018",25061,121.125,22.875,1.0833  
"13-AUG-2018",25061,121.375,22.875,1.1291  
"13-AUG-2018",25061,121.625,22.875,1.214  
"13-AUG-2018",25061,121.875,22.875,1.3252  
"13-AUG-2018",25061,122.125,22.875,1.4222  
"13-AUG-2018",25061,122.375,22.875,1.4953  
"13-AUG-2018",25061,122.625,22.875,1.5292  
"13-AUG-2018",25061,122.875,22.875,1.5058  
"13-AUG-2018",25061,123.125,22.875,1.4386  
"13-AUG-2018",25061,123.375,22.875,1.365  
"13-AUG-2018",25061,123.625,22.875,1.3053  
"13-AUG-2018",25061,123.875,22.875,1.2836  
"13-AUG-2018",25061,124.125,22.875,1.3173  
"13-AUG-2018",25061,124.375,22.875,1.4031  
"13-AUG-2018",25061,124.625,22.875,1.5049  
"13-AUG-2018",25061,124.875,22.875,1.5681  
"13-AUG-2018",25061,121.125,23.125,-1.E+34  
"13-AUG-2018",25061,121.375,23.125,1.1057  
"13-AUG-2018",25061,121.625,23.125,1.1714  
"13-AUG-2018",25061,121.875,23.125,1.288  
"13-AUG-2018",25061,122.125,23.125,1.4068  
"13-AUG-2018",25061,122.375,23.125,1.5026  
"13-AUG-2018",25061,122.625,23.125,1.5588  
"13-AUG-2018",25061,122.875,23.125,1.5547  
"13-AUG-2018",25061,123.125,23.125,1.5039  
"13-AUG-2018",25061,123.375,23.125,1.4447  
"13-AUG-2018",25061,123.625,23.125,1.3931  
"13-AUG-2018",25061,123.875,23.125,1.3645  
"13-AUG-2018",25061,124.125,23.125,1.3783  
"13-AUG-2018",25061,124.375,23.125,1.4462  
"13-AUG-2018",25061,124.625,23.125,1.5393  
"13-AUG-2018",25061,124.875,23.125,1.6013  
"13-AUG-2018",25061,121.125,23.375,-1.E+34  
"13-AUG-2018",25061,121.375,23.375,1.0954  
"13-AUG-2018",25061,121.625,23.375,1.145  
"13-AUG-2018",25061,121.875,23.375,1.2503  
"13-AUG-2018",25061,122.125,23.375,1.3843  
"13-AUG-2018",25061,122.375,23.375,1.4959  
"13-AUG-2018",25061,122.625,23.375,1.5653  
"13-AUG-2018",25061,122.875,23.375,1.5827  
"13-AUG-2018",25061,123.125,23.375,1.5631  
"13-AUG-2018",25061,123.375,23.375,1.5302  
"13-AUG-2018",25061,123.625,23.375,1.4931  
"13-AUG-2018",25061,123.875,23.375,1.4632  
"13-AUG-2018",25061,124.125,23.375,1.4655  
"13-AUG-2018",25061,124.375,23.375,1.5183  
"13-AUG-2018",25061,124.625,23.375,1.5939  
"13-AUG-2018",25061,124.875,23.375,1.6417  
"13-AUG-2018",25061,121.125,23.625,-1.E+34  
"13-AUG-2018",25061,121.375,23.625,-1.E+34  
"13-AUG-2018",25061,121.625,23.625,1.1487  
"13-AUG-2018",25061,121.875,23.625,1.2203  
"13-AUG-2018",25061,122.125,23.625,1.3448  
"13-AUG-2018",25061,122.375,23.625,1.4626  
"13-AUG-2018",25061,122.625,23.625,1.5424  
"13-AUG-2018",25061,122.875,23.625,1.5786  
"13-AUG-2018",25061,123.125,23.625,1.5855  
"13-AUG-2018",25061,123.375,23.625,1.5775  
"13-AUG-2018",25061,123.625,23.625,1.5587  
"13-AUG-2018",25061,123.875,23.625,1.5356  
"13-AUG-2018",25061,124.125,23.625,1.5346  
"13-AUG-2018",25061,124.375,23.625,1.576  
"13-AUG-2018",25061,124.625,23.625,1.6318  
"13-AUG-2018",25061,124.875,23.625,1.659  
"13-AUG-2018",25061,121.125,23.875,-1.E+34  
"13-AUG-2018",25061,121.375,23.875,-1.E+34  
"13-AUG-2018",25061,121.625,23.875,1.1258  
"13-AUG-2018",25061,121.875,23.875,1.166  
"13-AUG-2018",25061,122.125,23.875,1.2791  
"13-AUG-2018",25061,122.375,23.875,1.4035  
"13-AUG-2018",25061,122.625,23.875,1.494  
"13-AUG-2018",25061,122.875,23.875,1.5422  
"13-AUG-2018",25061,123.125,23.875,1.558  
"13-AUG-2018",25061,123.375,23.875,1.562  
"13-AUG-2018",25061,123.625,23.875,1.5636  
"13-AUG-2018",25061,123.875,23.875,1.5591  
"13-AUG-2018",25061,124.125,23.875,1.5616  
"13-AUG-2018",25061,124.375,23.875,1.5869  
"13-AUG-2018",25061,124.625,23.875,1.6172  
"13-AUG-2018",25061,124.875,23.875,1.6272  
"13-AUG-2018",25061,121.125,24.125,-1.E+34  
"13-AUG-2018",25061,121.375,24.125,-1.E+34  
"13-AUG-2018",25061,121.625,24.125,1.065  
"13-AUG-2018",25061,121.875,24.125,1.0969  
"13-AUG-2018",25061,122.125,24.125,1.1874  
"13-AUG-2018",25061,122.375,24.125,1.3123  
"13-AUG-2018",25061,122.625,24.125,1.4134  
"13-AUG-2018",25061,122.875,24.125,1.4745  
"13-AUG-2018",25061,123.125,24.125,1.5006  
"13-AUG-2018",25061,123.375,24.125,1.5166  
"13-AUG-2018",25061,123.625,24.125,1.5375  
"13-AUG-2018",25061,123.875,24.125,1.5505  
"13-AUG-2018",25061,124.125,24.125,1.5563  
"13-AUG-2018",25061,124.375,24.125,1.5634  
"13-AUG-2018",25061,124.625,24.125,1.5684  
"13-AUG-2018",25061,124.875,24.125,1.5709  
"13-AUG-2018",25061,121.125,24.375,-1.E+34  
"13-AUG-2018",25061,121.375,24.375,-1.E+34  
"13-AUG-2018",25061,121.625,24.375,-1.E+34  
"13-AUG-2018",25061,121.875,24.375,1.0495  
"13-AUG-2018",25061,122.125,24.375,1.0926  
"13-AUG-2018",25061,122.375,24.375,1.1934  
"13-AUG-2018",25061,122.625,24.375,1.2978  
"13-AUG-2018",25061,122.875,24.375,1.3775  
"13-AUG-2018",25061,123.125,24.375,1.429  
"13-AUG-2018",25061,123.375,24.375,1.4725  
"13-AUG-2018",25061,123.625,24.375,1.5138  
"13-AUG-2018",25061,123.875,24.375,1.5344  
"13-AUG-2018",25061,124.125,24.375,1.5405  
"13-AUG-2018",25061,124.375,24.375,1.5422  
"13-AUG-2018",25061,124.625,24.375,1.5375  
"13-AUG-2018",25061,124.875,24.375,1.537  
"13-AUG-2018",25061,121.125,24.625,-1.E+34  
"13-AUG-2018",25061,121.375,24.625,-1.E+34  
"13-AUG-2018",25061,121.625,24.625,-1.E+34  
"13-AUG-2018",25061,121.875,24.625,1.033  
"13-AUG-2018",25061,122.125,24.625,1.023  
"13-AUG-2018",25061,122.375,24.625,1.0753  
"13-AUG-2018",25061,122.625,24.625,1.1626  
"13-AUG-2018",25061,122.875,24.625,1.2575  
"13-AUG-2018",25061,123.125,24.625,1.3444  
"13-AUG-2018",25061,123.375,24.625,1.4242  
"13-AUG-2018",25061,123.625,24.625,1.4897  
"13-AUG-2018",25061,123.875,24.625,1.5245  
"13-AUG-2018",25061,124.125,24.625,1.5378  
"13-AUG-2018",25061,124.375,24.625,1.5463  
"13-AUG-2018",25061,124.625,24.625,1.5459  
"13-AUG-2018",25061,124.875,24.625,1.5396  
"13-AUG-2018",25061,121.125,24.875,-1.E+34  
"13-AUG-2018",25061,121.375,24.875,-1.E+34  
"13-AUG-2018",25061,121.625,24.875,-1.E+34  
"13-AUG-2018",25061,121.875,24.875,1.0423  
"13-AUG-2018",25061,122.125,24.875,0.9992  
"13-AUG-2018",25061,122.375,24.875,0.9948  
"13-AUG-2018",25061,122.625,24.875,1.041  
"13-AUG-2018",25061,122.875,24.875,1.1343  
"13-AUG-2018",25061,123.125,24.875,1.2494  
"13-AUG-2018",25061,123.375,24.875,1.3595  
"13-AUG-2018",25061,123.625,24.875,1.4484  
"13-AUG-2018",25061,123.875,24.875,1.5012  
"13-AUG-2018",25061,124.125,24.875,1.5256  
"13-AUG-2018",25061,124.375,24.875,1.5434  
"13-AUG-2018",25061,124.625,24.875,1.5548  
"13-AUG-2018",25061,124.875,24.875,1.5521  
"13-AUG-2018",25061,121.125,25.125,1.1169  
"13-AUG-2018",25061,121.375,25.125,1.1296  
"13-AUG-2018",25061,121.625,25.125,1.1083  
"13-AUG-2018",25061,121.875,25.125,1.0695  
"13-AUG-2018",25061,122.125,25.125,1.0162  
"13-AUG-2018",25061,122.375,25.125,0.9711  
"13-AUG-2018",25061,122.625,25.125,0.966  
"13-AUG-2018",25061,122.875,25.125,1.0314  
"13-AUG-2018",25061,123.125,25.125,1.1439  
"13-AUG-2018",25061,123.375,25.125,1.2621  
"13-AUG-2018",25061,123.625,25.125,1.3639  
"13-AUG-2018",25061,123.875,25.125,1.43  
"13-AUG-2018",25061,124.125,25.125,1.4674  
"13-AUG-2018",25061,124.375,25.125,1.4991  
"13-AUG-2018",25061,124.625,25.125,1.5287  
"13-AUG-2018",25061,124.875,25.125,1.5434  
"13-AUG-2018",25061,121.125,25.375,1.1184  
"13-AUG-2018",25061,121.375,25.375,1.1393  
"13-AUG-2018",25061,121.625,25.375,1.1317  
"13-AUG-2018",25061,121.875,25.375,1.0968  
"13-AUG-2018",25061,122.125,25.375,1.0365  
"13-AUG-2018",25061,122.375,25.375,0.9805  
"13-AUG-2018",25061,122.625,25.375,0.945  
"13-AUG-2018",25061,122.875,25.375,0.9664  
"13-AUG-2018",25061,123.125,25.375,1.04  
"13-AUG-2018",25061,123.375,25.375,1.1338  
"13-AUG-2018",25061,123.625,25.375,1.2278  
"13-AUG-2018",25061,123.875,25.375,1.3043  
"13-AUG-2018",25061,124.125,25.375,1.3617  
"13-AUG-2018",25061,124.375,25.375,1.4135  
"13-AUG-2018",25061,124.625,25.375,1.4638  
"13-AUG-2018",25061,124.875,25.375,1.5015  
"13-AUG-2018",25061,121.125,25.625,1.0939  
"13-AUG-2018",25061,121.375,25.625,1.134  
"13-AUG-2018",25061,121.625,25.625,1.1402  
"13-AUG-2018",25061,121.875,25.625,1.0976  
"13-AUG-2018",25061,122.125,25.625,1.0425  
"13-AUG-2018",25061,122.375,25.625,0.992  
"13-AUG-2018",25061,122.625,25.625,0.9508  
"13-AUG-2018",25061,122.875,25.625,0.936  
"13-AUG-2018",25061,123.125,25.625,0.9584  
"13-AUG-2018",25061,123.375,25.625,1.0106  
"13-AUG-2018",25061,123.625,25.625,1.0807  
"13-AUG-2018",25061,123.875,25.625,1.1527  
"13-AUG-2018",25061,124.125,25.625,1.2183  
"13-AUG-2018",25061,124.375,25.625,1.2825  
"13-AUG-2018",25061,124.625,25.625,1.3454  
"13-AUG-2018",25061,124.875,25.625,1.4014  
"13-AUG-2018",25061,121.125,25.875,1.0509  
"13-AUG-2018",25061,121.375,25.875,1.1031  
"13-AUG-2018",25061,121.625,25.875,1.1207  
"13-AUG-2018",25061,121.875,25.875,1.0823  
"13-AUG-2018",25061,122.125,25.875,1.0312  
"13-AUG-2018",25061,122.375,25.875,0.9858  
"13-AUG-2018",25061,122.625,25.875,0.9497  
"13-AUG-2018",25061,122.875,25.875,0.9242  
"13-AUG-2018",25061,123.125,25.875,0.9138  
"13-AUG-2018",25061,123.375,25.875,0.931  
"13-AUG-2018",25061,123.625,25.875,0.975  
"13-AUG-2018",25061,123.875,25.875,1.0276  
"13-AUG-2018",25061,124.125,25.875,1.0768  
"13-AUG-2018",25061,124.375,25.875,1.127  
"13-AUG-2018",25061,124.625,25.875,1.18  
"13-AUG-2018",25061,124.875,25.875,1.2391  
