Total Number of Records            256.
             DATA SET: http://ddo-aviso.vlandata.cls.fr:41080/thredds/dodsC/dataset-duacs-rep-global-merged-allsat-phy-l4
             DT merged all satellites Global Ocean Gridded SSALTO/DUACS Sea Surface Height L4 product and derived variables
             X: 0.5 to 256.5
 Column  1: DATETIME is Time String
 Column  2: TIME is Time Coordinates (days since 01-JAN-1950 00:00:00)   BAD FLAG : -1.E+34
 Column  3: LON is Longitude (degrees_east)   BAD FLAG : -1.E+34
 Column  4: LAT is Latitude (degrees_north)   BAD FLAG : -1.E+34
 Column  5: SLA is Sea level anomaly (m)   BAD FLAG : -1.E+34
DATETIME,TIME,LON,LAT,SLA
"13-AUG-2018",25061,121.125,22.125,0.1444  
"13-AUG-2018",25061,121.375,22.125,0.1352  
"13-AUG-2018",25061,121.625,22.125,0.1154  
"13-AUG-2018",25061,121.875,22.125,0.1044  
"13-AUG-2018",25061,122.125,22.125,0.1045  
"13-AUG-2018",25061,122.375,22.125,0.0986  
"13-AUG-2018",25061,122.625,22.125,0.0703  
"13-AUG-2018",25061,122.875,22.125,0.0103  
"13-AUG-2018",25061,123.125,22.125,-0.0645  
"13-AUG-2018",25061,123.375,22.125,-0.1228  
"13-AUG-2018",25061,123.625,22.125,-0.1397  
"13-AUG-2018",25061,123.875,22.125,-0.1023  
"13-AUG-2018",25061,124.125,22.125,-0.0253  
"13-AUG-2018",25061,124.375,22.125,0.0515  
"13-AUG-2018",25061,124.625,22.125,0.0989  
"13-AUG-2018",25061,124.875,22.125,0.123  
"13-AUG-2018",25061,121.125,22.375,0.1092  
"13-AUG-2018",25061,121.375,22.375,0.1257  
"13-AUG-2018",25061,121.625,22.375,0.135  
"13-AUG-2018",25061,121.875,22.375,0.1417  
"13-AUG-2018",25061,122.125,22.375,0.1524  
"13-AUG-2018",25061,122.375,22.375,0.1517  
"13-AUG-2018",25061,122.625,22.375,0.1174  
"13-AUG-2018",25061,122.875,22.375,0.0436  
"13-AUG-2018",25061,123.125,22.375,-0.0494  
"13-AUG-2018",25061,123.375,22.375,-0.1308  
"13-AUG-2018",25061,123.625,22.375,-0.1723  
"13-AUG-2018",25061,123.875,22.375,-0.148  
"13-AUG-2018",25061,124.125,22.375,-0.065  
"13-AUG-2018",25061,124.375,22.375,0.033  
"13-AUG-2018",25061,124.625,22.375,0.1047  
"13-AUG-2018",25061,124.875,22.375,0.1414  
"13-AUG-2018",25061,121.125,22.625,0.0805  
"13-AUG-2018",25061,121.375,22.625,0.1192  
"13-AUG-2018",25061,121.625,22.625,0.154  
"13-AUG-2018",25061,121.875,22.625,0.176  
"13-AUG-2018",25061,122.125,22.625,0.1942  
"13-AUG-2018",25061,122.375,22.625,0.1997  
"13-AUG-2018",25061,122.625,22.625,0.1703  
"13-AUG-2018",25061,122.875,22.625,0.0983  
"13-AUG-2018",25061,123.125,22.625,0.0028  
"13-AUG-2018",25061,123.375,22.625,-0.0867  
"13-AUG-2018",25061,123.625,22.625,-0.1442  
"13-AUG-2018",25061,123.875,22.625,-0.1428  
"13-AUG-2018",25061,124.125,22.625,-0.0781  
"13-AUG-2018",25061,124.375,22.625,0.0217  
"13-AUG-2018",25061,124.625,22.625,0.112  
"13-AUG-2018",25061,124.875,22.625,0.162  
"13-AUG-2018",25061,121.125,22.875,0.0829  
"13-AUG-2018",25061,121.375,22.875,0.1249  
"13-AUG-2018",25061,121.625,22.875,0.1637  
"13-AUG-2018",25061,121.875,22.875,0.1922  
"13-AUG-2018",25061,122.125,22.875,0.2182  
"13-AUG-2018",25061,122.375,22.875,0.2359  
"13-AUG-2018",25061,122.625,22.875,0.2246  
"13-AUG-2018",25061,122.875,22.875,0.1673  
"13-AUG-2018",25061,123.125,22.875,0.0779  
"13-AUG-2018",25061,123.375,22.875,-0.0109  
"13-AUG-2018",25061,123.625,22.875,-0.0743  
"13-AUG-2018",25061,123.875,22.875,-0.0915  
"13-AUG-2018",25061,124.125,22.875,-0.0522  
"13-AUG-2018",25061,124.375,22.875,0.0353  
"13-AUG-2018",25061,124.625,22.875,0.1306  
"13-AUG-2018",25061,124.875,22.875,0.1879  
"13-AUG-2018",25061,121.125,23.125,-1.E+34  
"13-AUG-2018",25061,121.375,23.125,0.1338  
"13-AUG-2018",25061,121.625,23.125,0.165  
"13-AUG-2018",25061,121.875,23.125,0.1965  
"13-AUG-2018",25061,122.125,23.125,0.2328  
"13-AUG-2018",25061,122.375,23.125,0.2653  
"13-AUG-2018",25061,122.625,23.125,0.2721  
"13-AUG-2018",25061,122.875,23.125,0.2324  
"13-AUG-2018",25061,123.125,23.125,0.1586  
"13-AUG-2018",25061,123.375,23.125,0.0816  
"13-AUG-2018",25061,123.625,23.125,0.0221  
"13-AUG-2018",25061,123.875,23.125,-0.0037  
"13-AUG-2018",25061,124.125,23.125,0.0168  
"13-AUG-2018",25061,124.375,23.125,0.086  
"13-AUG-2018",25061,124.625,23.125,0.1717  
"13-AUG-2018",25061,124.875,23.125,0.227  
"13-AUG-2018",25061,121.125,23.375,-1.E+34  
"13-AUG-2018",25061,121.375,23.375,0.1465  
"13-AUG-2018",25061,121.625,23.375,0.174  
"13-AUG-2018",25061,121.875,23.375,0.2077  
"13-AUG-2018",25061,122.125,23.375,0.2484  
"13-AUG-2018",25061,122.375,23.375,0.2855  
"13-AUG-2018",25061,122.625,23.375,0.3001  
"13-AUG-2018",25061,122.875,23.375,0.277  
"13-AUG-2018",25061,123.125,23.375,0.2294  
"13-AUG-2018",25061,123.375,23.375,0.1782  
"13-AUG-2018",25061,123.625,23.375,0.1318  
"13-AUG-2018",25061,123.875,23.375,0.1025  
"13-AUG-2018",25061,124.125,23.375,0.1096  
"13-AUG-2018",25061,124.375,23.375,0.1613  
"13-AUG-2018",25061,124.625,23.375,0.2302  
"13-AUG-2018",25061,124.875,23.375,0.2725  
"13-AUG-2018",25061,121.125,23.625,-1.E+34  
"13-AUG-2018",25061,121.375,23.625,-1.E+34  
"13-AUG-2018",25061,121.625,23.625,0.1903  
"13-AUG-2018",25061,121.875,23.625,0.2209  
"13-AUG-2018",25061,122.125,23.625,0.2554  
"13-AUG-2018",25061,122.375,23.625,0.2875  
"13-AUG-2018",25061,122.625,23.625,0.3043  
"13-AUG-2018",25061,122.875,23.625,0.2946  
"13-AUG-2018",25061,123.125,23.625,0.2696  
"13-AUG-2018",25061,123.375,23.625,0.244  
"13-AUG-2018",25061,123.625,23.625,0.2152  
"13-AUG-2018",25061,123.875,23.625,0.1887  
"13-AUG-2018",25061,124.125,23.625,0.188  
"13-AUG-2018",25061,124.375,23.625,0.2244  
"13-AUG-2018",25061,124.625,23.625,0.2733  
"13-AUG-2018",25061,124.875,23.625,0.296  
"13-AUG-2018",25061,121.125,23.875,-1.E+34  
"13-AUG-2018",25061,121.375,23.875,-1.E+34  
"13-AUG-2018",25061,121.625,23.875,0.1829  
"13-AUG-2018",25061,121.875,23.875,0.2084  
"13-AUG-2018",25061,122.125,23.875,0.2393  
"13-AUG-2018",25061,122.375,23.875,0.2699  
"13-AUG-2018",25061,122.625,23.875,0.2879  
"13-AUG-2018",25061,122.875,23.875,0.2831  
"13-AUG-2018",25061,123.125,23.875,0.2659  
"13-AUG-2018",25061,123.375,23.875,0.2529  
"13-AUG-2018",25061,123.625,23.875,0.2414  
"13-AUG-2018",25061,123.875,23.875,0.2279  
"13-AUG-2018",25061,124.125,23.875,0.2254  
"13-AUG-2018",25061,124.375,23.875,0.243  
"13-AUG-2018",25061,124.625,23.875,0.267  
"13-AUG-2018",25061,124.875,23.875,0.2737  
"13-AUG-2018",25061,121.125,24.125,-1.E+34  
"13-AUG-2018",25061,121.375,24.125,-1.E+34  
"13-AUG-2018",25061,121.625,24.125,0.1569  
"13-AUG-2018",25061,121.875,24.125,0.1715  
"13-AUG-2018",25061,122.125,24.125,0.1961  
"13-AUG-2018",25061,122.375,24.125,0.2247  
"13-AUG-2018",25061,122.625,24.125,0.2435  
"13-AUG-2018",25061,122.875,24.125,0.242  
"13-AUG-2018",25061,123.125,24.125,0.2301  
"13-AUG-2018",25061,123.375,24.125,0.2254  
"13-AUG-2018",25061,123.625,24.125,0.2285  
"13-AUG-2018",25061,123.875,24.125,0.2287  
"13-AUG-2018",25061,124.125,24.125,0.2244  
"13-AUG-2018",25061,124.375,24.125,0.2241  
"13-AUG-2018",25061,124.625,24.125,0.2287  
"13-AUG-2018",25061,124.875,24.125,0.2288  
"13-AUG-2018",25061,121.125,24.375,-1.E+34  
"13-AUG-2018",25061,121.375,24.375,-1.E+34  
"13-AUG-2018",25061,121.625,24.375,-1.E+34  
"13-AUG-2018",25061,121.875,24.375,0.1421  
"13-AUG-2018",25061,122.125,24.375,0.148  
"13-AUG-2018",25061,122.375,24.375,0.1598  
"13-AUG-2018",25061,122.625,24.375,0.1704  
"13-AUG-2018",25061,122.875,24.375,0.1757  
"13-AUG-2018",25061,123.125,24.375,0.1822  
"13-AUG-2018",25061,123.375,24.375,0.1977  
"13-AUG-2018",25061,123.625,24.375,0.2165  
"13-AUG-2018",25061,123.875,24.375,0.2242  
"13-AUG-2018",25061,124.125,24.375,0.2183  
"13-AUG-2018",25061,124.375,24.375,0.2108  
"13-AUG-2018",25061,124.625,24.375,0.2084  
"13-AUG-2018",25061,124.875,24.375,0.2056  
"13-AUG-2018",25061,121.125,24.625,-1.E+34  
"13-AUG-2018",25061,121.375,24.625,-1.E+34  
"13-AUG-2018",25061,121.625,24.625,-1.E+34  
"13-AUG-2018",25061,121.875,24.625,0.1427  
"13-AUG-2018",25061,122.125,24.625,0.1271  
"13-AUG-2018",25061,122.375,24.625,0.1072  
"13-AUG-2018",25061,122.625,24.625,0.0929  
"13-AUG-2018",25061,122.875,24.625,0.0998  
"13-AUG-2018",25061,123.125,24.625,0.1311  
"13-AUG-2018",25061,123.375,24.625,0.1757  
"13-AUG-2018",25061,123.625,24.625,0.214  
"13-AUG-2018",25061,123.875,24.625,0.23  
"13-AUG-2018",25061,124.125,24.625,0.2271  
"13-AUG-2018",25061,124.375,24.625,0.2209  
"13-AUG-2018",25061,124.625,24.625,0.2181  
"13-AUG-2018",25061,124.875,24.625,0.2131  
"13-AUG-2018",25061,121.125,24.875,-1.E+34  
"13-AUG-2018",25061,121.375,24.875,-1.E+34  
"13-AUG-2018",25061,121.625,24.875,-1.E+34  
"13-AUG-2018",25061,121.875,24.875,0.1697  
"13-AUG-2018",25061,122.125,24.875,0.1414  
"13-AUG-2018",25061,122.375,24.875,0.0924  
"13-AUG-2018",25061,122.625,24.875,0.0462  
"13-AUG-2018",25061,122.875,24.875,0.0391  
"13-AUG-2018",25061,123.125,24.875,0.0774  
"13-AUG-2018",25061,123.375,24.875,0.1388  
"13-AUG-2018",25061,123.625,24.875,0.1947  
"13-AUG-2018",25061,123.875,24.875,0.2239  
"13-AUG-2018",25061,124.125,24.875,0.2287  
"13-AUG-2018",25061,124.375,24.875,0.228  
"13-AUG-2018",25061,124.625,24.875,0.2301  
"13-AUG-2018",25061,124.875,24.875,0.2275  
"13-AUG-2018",25061,121.125,25.125,0.1848  
"13-AUG-2018",25061,121.375,25.125,0.1909  
"13-AUG-2018",25061,121.625,25.125,0.2034  
"13-AUG-2018",25061,121.875,25.125,0.2025  
"13-AUG-2018",25061,122.125,25.125,0.1737  
"13-AUG-2018",25061,122.375,25.125,0.1125  
"13-AUG-2018",25061,122.625,25.125,0.0415  
"13-AUG-2018",25061,122.875,25.125,0.0062  
"13-AUG-2018",25061,123.125,25.125,0.0239  
"13-AUG-2018",25061,123.375,25.125,0.0773  
"13-AUG-2018",25061,123.625,25.125,0.1378  
"13-AUG-2018",25061,123.875,25.125,0.18  
"13-AUG-2018",25061,124.125,25.125,0.1992  
"13-AUG-2018",25061,124.375,25.125,0.212  
"13-AUG-2018",25061,124.625,25.125,0.2254  
"13-AUG-2018",25061,124.875,25.125,0.2304  
"13-AUG-2018",25061,121.125,25.375,0.1843  
"13-AUG-2018",25061,121.375,25.375,0.2027  
"13-AUG-2018",25061,121.625,25.375,0.2245  
"13-AUG-2018",25061,121.875,25.375,0.2267  
"13-AUG-2018",25061,122.125,25.375,0.2  
"13-AUG-2018",25061,122.375,25.375,0.1417  
"13-AUG-2018",25061,122.625,25.375,0.0631  
"13-AUG-2018",25061,122.875,25.375,0.0014  
"13-AUG-2018",25061,123.125,25.375,-0.0154  
"13-AUG-2018",25061,123.375,25.375,0.0112  
"13-AUG-2018",25061,123.625,25.375,0.0615  
"13-AUG-2018",25061,123.875,25.375,0.1109  
"13-AUG-2018",25061,124.125,25.375,0.1479  
"13-AUG-2018",25061,124.375,25.375,0.1792  
"13-AUG-2018",25061,124.625,25.375,0.2064  
"13-AUG-2018",25061,124.875,25.375,0.2204  
"13-AUG-2018",25061,121.125,25.625,0.1757  
"13-AUG-2018",25061,121.375,25.625,0.2081  
"13-AUG-2018",25061,121.625,25.625,0.2375  
"13-AUG-2018",25061,121.875,25.625,0.2365  
"13-AUG-2018",25061,122.125,25.625,0.2064  
"13-AUG-2018",25061,122.375,25.625,0.1556  
"13-AUG-2018",25061,122.625,25.625,0.0859  
"13-AUG-2018",25061,122.875,25.625,0.015  
"13-AUG-2018",25061,123.125,25.625,-0.029  
"13-AUG-2018",25061,123.375,25.625,-0.0316  
"13-AUG-2018",25061,123.625,25.625,0.0011  
"13-AUG-2018",25061,123.875,25.625,0.0484  
"13-AUG-2018",25061,124.125,25.625,0.0949  
"13-AUG-2018",25061,124.375,25.625,0.1371  
"13-AUG-2018",25061,124.625,25.625,0.171  
"13-AUG-2018",25061,124.875,25.625,0.1909  
"13-AUG-2018",25061,121.125,25.875,0.1623  
"13-AUG-2018",25061,121.375,25.875,0.2019  
"13-AUG-2018",25061,121.625,25.875,0.2343  
"13-AUG-2018",25061,121.875,25.875,0.2287  
"13-AUG-2018",25061,122.125,25.875,0.193  
"13-AUG-2018",25061,122.375,25.875,0.1476  
"13-AUG-2018",25061,122.625,25.875,0.0937  
"13-AUG-2018",25061,122.875,25.875,0.0333  
"13-AUG-2018",25061,123.125,25.875,-0.0165  
"13-AUG-2018",25061,123.375,25.875,-0.0358  
"13-AUG-2018",25061,123.625,25.875,-0.0215  
"13-AUG-2018",25061,123.875,25.875,0.0116  
"13-AUG-2018",25061,124.125,25.875,0.0501  
"13-AUG-2018",25061,124.375,25.875,0.0868  
"13-AUG-2018",25061,124.625,25.875,0.1155  
"13-AUG-2018",25061,124.875,25.875,0.1342  
