2017 10 31 133.019000  32.106000   0.679000   0.576000 2101507
2017 10 31 133.099000  32.159000   0.949000   0.684000 2101507
2017 10 31 133.237000  32.239000   1.226000   0.684000 2101507
2017 10 31 133.381000  32.292000   1.334000   0.530000 2101507
2017 11 1 133.544000  32.342000   1.438000   0.463000 2101507
2017 11 1 133.712000  32.382000   1.416000   0.329000 2101507
2017 11 1 133.870000  32.406000   1.316000   0.159000 2101507
2017 5 1 133.395000  32.030000  -0.013000   0.509000 2201500
2017 5 1 133.380000  32.073000  -0.200000   0.494000 2201500
2017 5 2 133.349000  32.126000  -0.192000   0.566000 2201500
2017 5 2 133.336000  32.183000  -0.044000   0.484000 2201500
2017 5 2 133.339000  32.220000  -0.017000   0.309000 2201500
2017 5 2 133.332000  32.243000  -0.152000   0.190000 2201500
2017 5 2 133.304000  32.257000  -0.265000   0.190000 2201500
2017 5 2 133.271000  32.280000  -0.239000   0.190000 2201500
2017 5 2 133.249000  32.294000  -0.200000   0.026000 2201500
2017 5 2 133.225000  32.285000  -0.348000  -0.046000 2201500
2017 5 3 133.169000  32.285000  -0.439000   0.046000 2201500
2017 5 3 133.124000  32.294000  -0.304000   0.021000 2201500
2017 5 3 133.099000  32.289000  -0.222000  -0.180000 2201500
2017 5 3 133.073000  32.259000  -0.283000  -0.268000 2201500
2017 5 3 133.034000  32.237000  -0.283000  -0.206000 2201500
2017 5 3 133.008000  32.219000  -0.196000  -0.185000 2201500
2017 5 17 133.003000  32.507000   0.304000   0.288000 2201500
2017 5 17 133.047000  32.541000   0.490000   0.340000 2201500
2017 5 17 133.116000  32.573000   0.676000   0.314000 2201500
2017 5 17 133.203000  32.602000   0.676000   0.278000 2201500
2017 5 17 133.272000  32.627000   0.563000   0.329000 2201500
2017 5 17 133.333000  32.666000   0.528000   0.478000 2201500
2017 5 18 133.394000  32.720000   0.593000   0.550000 2201500
2017 5 18 133.470000  32.773000   0.653000   0.509000 2201500
2017 5 18 133.545000  32.819000   0.670000   0.432000 2201500
2017 5 18 133.625000  32.857000   0.726000   0.370000 2201500
2017 5 18 133.713000  32.891000   0.795000   0.283000 2201500
2017 5 18 133.809000  32.912000   0.825000   0.144000 2201500
2017 5 18 133.904000  32.919000   0.773000   0.129000 2201500
2017 5 18 133.988000  32.937000   0.846000   0.252000 2201500
2017 7 4 133.483000  32.023000   0.126000   0.885000 2201501
2017 7 4 133.487000  32.119000   0.052000   1.091000 2201501
2017 7 4 133.495000  32.235000   0.196000   1.132000 2201501
2017 7 5 133.532000  32.339000   0.330000   0.921000 2201501
2017 7 5 133.571000  32.414000   0.217000   0.658000 2201501
2017 7 5 133.582000  32.467000   0.017000   0.504000 2201501
2017 7 5 133.575000  32.512000  -0.134000   0.478000 2201501
2017 7 5 133.551000  32.560000  -0.178000   0.494000 2201501
2017 7 5 133.534000  32.608000  -0.100000   0.406000 2201501
2017 7 5 133.528000  32.639000  -0.082000   0.242000 2201501
2017 7 5 133.515000  32.655000  -0.152000   0.108000 2201501
2017 7 6 133.493000  32.660000  -0.238000   0.036000 2201501
2017 7 6 133.460000  32.662000  -0.295000  -0.010000 2201501
2017 7 6 133.425000  32.658000  -0.308000  -0.077000 2201501
2017 7 6 133.389000  32.647000  -0.299000  -0.139000 2201501
2017 7 6 133.356000  32.631000  -0.260000  -0.201000 2201501
2017 7 6 133.329000  32.608000  -0.277000  -0.257000 2201501
2017 7 6 133.292000  32.581000  -0.356000  -0.278000 2201501
2017 7 6 133.247000  32.554000  -0.343000  -0.257000 2201501
2017 7 7 133.213000  32.531000  -0.295000  -0.262000 2201501
2017 7 7 133.179000  32.503000  -0.373000  -0.273000 2201501
2017 7 7 133.127000  32.478000  -0.434000  -0.226000 2201501
2017 7 7 133.079000  32.459000  -0.343000  -0.201000 2201501
2017 7 7 133.048000  32.439000  -0.287000  -0.252000 2201501
2017 7 7 133.013000  32.410000  -0.374000  -0.293000 2201501
2017 7 13 133.991000  32.045000   0.327000   1.348000 2201501
2017 5 17 133.392000  32.038000   0.793000   0.952000 2201530
2017 5 17 133.489000  32.124000   0.858000   0.854000 2201530
2017 5 17 133.589000  32.204000   0.918000   0.767000 2201530
2017 5 17 133.700000  32.273000   1.043000   0.694000 2201530
2017 5 17 133.829000  32.339000   1.190000   0.617000 2201530
2017 5 17 133.974000  32.393000   1.255000   0.473000 2201530
2017 5 12 133.533000  32.035000   1.390000   0.622000 2201533
2017 5 12 133.694000  32.095000   1.533000   0.592000 2201533
2017 5 12 133.885000  32.150000   1.646000   0.458000 2201533
2017 4 24 133.444000  32.027000   0.200000   0.782000 2201534
2017 4 24 133.464000  32.112000   0.118000   0.833000 2201534
2017 4 24 133.471000  32.189000   0.048000   0.705000 2201534
2017 4 24 133.475000  32.249000   0.004000   0.576000 2201534
2017 4 25 133.472000  32.301000  -0.043000   0.468000 2201534
2017 4 25 133.465000  32.340000  -0.078000   0.298000 2201534
2017 4 25 133.454000  32.359000  -0.083000   0.154000 2201534
2017 4 25 133.446000  32.370000   0.030000   0.098000 2201534
2017 4 25 133.461000  32.378000   0.178000   0.093000 2201534
2017 4 25 133.487000  32.388000   0.195000   0.123000 2201534
2017 4 25 133.506000  32.402000   0.208000   0.165000 2201534
2017 4 25 133.535000  32.420000   0.300000   0.252000 2201534
2017 4 26 133.575000  32.451000   0.343000   0.329000 2201534
2017 4 26 133.614000  32.484000   0.321000   0.350000 2201534
2017 4 26 133.649000  32.519000   0.299000   0.334000 2201534
2017 4 26 133.683000  32.549000   0.251000   0.340000 2201534
2017 4 26 133.707000  32.585000   0.208000   0.442000 2201534
2017 4 26 133.731000  32.635000   0.230000   0.473000 2201534
2017 4 26 133.760000  32.677000   0.251000   0.360000 2201534
2017 4 26 133.789000  32.705000   0.216000   0.232000 2201534
2017 4 27 133.810000  32.722000   0.169000   0.159000 2201534
2017 4 27 133.828000  32.736000   0.216000   0.165000 2201534
2017 4 27 133.860000  32.754000   0.398000   0.206000 2201534
2017 4 27 133.920000  32.776000   0.592000   0.237000 2201534
2017 4 27 133.997000  32.800000   0.705000   0.262000 2201534
2017 5 20 133.113000  32.046000   0.584000   1.291000 2201535
2017 5 20 133.193000  32.159000   0.818000   1.116000 2201535
2017 5 20 133.301000  32.263000   1.043000   1.034000 2201535
2017 5 21 133.433000  32.360000   1.229000   0.952000 2201535
2017 5 21 133.584000  32.448000   1.340000   0.869000 2201535
2017 5 21 133.742000  32.529000   1.408000   0.808000 2201535
2017 5 21 133.909000  32.605000   1.542000   0.731000 2201535
2017 5 27 133.063000  32.106000   0.579000   1.456000 2201537
2017 5 27 133.126000  32.242000   0.504000   1.296000 2201537
2017 5 27 133.179000  32.358000   0.508000   1.147000 2201537
2017 5 27 133.243000  32.465000   0.624000   1.132000 2201537
2017 5 28 133.323000  32.578000   0.719000   1.240000 2201537
2017 5 28 133.409000  32.706000   0.830000   1.266000 2201537
2017 5 28 133.515000  32.824000   0.985000   1.116000 2201537
2017 5 28 133.637000  32.923000   1.083000   0.880000 2201537
2017 5 28 133.766000  32.995000   1.074000   0.607000 2201537
2017 6 3 133.687000  32.027000   0.349000   0.628000 5100642
2017 6 4 133.716000  32.085000   0.165000   0.684000 5100642
2017 6 4 133.725000  32.160000   0.178000   0.859000 5100642
2017 6 4 133.757000  32.252000   0.339000   1.044000 5100642
2017 6 4 133.803000  32.363000   0.625000   1.049000 5100642
2017 6 4 133.901000  32.456000   0.911000   0.844000 5100642
2017 5 18 133.085000  32.063000   0.396000   1.266000 5201555
2017 5 18 133.137000  32.184000   0.483000   1.142000 5201555
2017 5 18 133.196000  32.285000   0.595000   0.947000 5201555
2017 5 18 133.274000  32.368000   0.673000   0.859000 5201555
2017 5 18 133.351000  32.452000   0.759000   0.880000 5201555
2017 5 18 133.449000  32.539000   0.832000   0.859000 5201555
2017 5 19 133.543000  32.619000   0.870000   0.828000 5201555
2017 5 19 133.650000  32.700000   0.917000   0.777000 5201555
2017 5 19 133.755000  32.770000   0.964000   0.761000 5201555
2017 5 19 133.873000  32.848000   1.041000   0.705000 5201555
2017 5 19 133.996000  32.907000   1.179000   0.520000 5201555
2017 5 12 133.800000  32.032000   1.447000   0.586000 5201559
2017 5 13 133.971000  32.078000   1.556000   0.391000 5201559
2017 12 25 133.064000  32.015000   0.868000   0.509000 5201614
2017 12 25 133.173000  32.049000   1.033000   0.304000 5201614
2017 12 25 133.301000  32.074000   1.098000   0.288000 5201614
2017 12 25 133.425000  32.105000   1.037000   0.226000 5201614
2017 12 26 133.539000  32.118000   1.046000   0.077000 5201614
2017 12 26 133.665000  32.120000   1.063000   0.113000 5201614
2017 12 26 133.783000  32.140000   1.050000   0.237000 5201614
2017 12 26 133.906000  32.166000   1.167000   0.257000 5201614
