2017 12 11 122.366000  24.047000   0.362000   0.833000 2101578
2017 12 12 122.409000  24.126000   0.347000   0.746000 2101578
2017 12 12 122.440000  24.192000   0.220000   0.746000 2101578
2017 12 12 122.456000  24.271000   0.080000   0.828000 2101578
2017 12 12 122.457000  24.353000  -0.080000   0.833000 2101578
2017 12 12 122.439000  24.433000  -0.178000   0.777000 2101578
2017 12 12 122.419000  24.504000  -0.206000   0.880000 2101578
2017 12 12 122.395000  24.604000  -0.220000   0.931000 2101578
2017 12 12 122.372000  24.685000  -0.210000   0.864000 2101578
2017 12 13 122.350000  24.772000  -0.229000   0.772000 2101578
2017 12 13 122.323000  24.835000  -0.299000   0.664000 2101578
2017 12 13 122.286000  24.901000  -0.270000   0.880000 2101578
2017 12 11 122.285000  24.029000   0.376000   1.039000 2101579
2017 12 12 122.333000  24.130000   0.267000   0.941000 2101579
2017 12 12 122.342000  24.212000   0.019000   0.797000 2101579
2017 12 12 122.337000  24.285000  -0.052000   0.818000 2101579
2017 12 12 122.331000  24.371000  -0.183000   0.854000 2101579
2017 12 12 122.298000  24.451000  -0.384000   0.777000 2101579
2017 12 12 122.249000  24.522000  -0.383000   0.864000 2101579
2017 12 12 122.216000  24.619000  -0.220000   0.941000 2101579
2017 12 12 122.202000  24.705000  -0.131000   0.823000 2101579
2017 12 13 122.188000  24.779000  -0.173000   0.633000 2101579
2017 12 13 122.165000  24.828000  -0.219000   0.504000 2101579
2017 12 13 122.141000  24.877000  -0.187000   0.736000 2101579
2017 12 13 122.125000  24.971000   0.005000   1.137000 2101579
2017 12 23 122.028000  24.440000   0.276000   0.571000 2101580
2017 12 23 122.053000  24.489000   0.290000   0.540000 2101580
2017 12 23 122.090000  24.545000   0.374000   0.612000 2101580
2017 12 23 122.133000  24.608000   0.463000   0.679000 2101580
2017 12 23 122.189000  24.677000   0.603000   0.736000 2101580
2017 12 24 122.262000  24.751000   0.742000   0.782000 2101580
2017 12 24 122.348000  24.829000   0.742000   0.890000 2101580
2017 12 24 122.421000  24.924000   0.429000   0.792000 2101580
2017 12 24 122.440000  24.983000   0.065000   0.540000 2101580
2017 7 3 122.061000  24.630000   0.865000   0.653000 2201516
2017 7 3 122.159000  24.674000   0.865000   0.437000 2201516
2017 7 3 122.246000  24.715000   0.789000   0.489000 2201516
2017 7 3 122.328000  24.769000   0.639000   0.746000 2201516
2017 7 4 122.383000  24.860000   0.522000   0.828000 2201516
2017 7 4 122.440000  24.930000   0.452000   0.772000 2201516
2017 7 5 122.141000  24.027000   0.066000   0.478000 2201517
2017 7 5 122.141000  24.077000   0.005000   0.556000 2201517
2017 7 6 122.142000  24.135000   0.056000   0.633000 2201517
2017 7 6 122.153000  24.200000   0.188000   0.700000 2201517
2017 7 6 122.182000  24.271000   0.352000   0.725000 2201517
2017 7 6 122.228000  24.341000   0.501000   0.725000 2201517
2017 7 6 122.289000  24.412000   0.534000   0.628000 2201517
2017 7 6 122.342000  24.463000   0.356000   0.504000 2201517
2017 7 6 122.365000  24.510000   0.360000   0.689000 2201517
2017 7 6 122.419000  24.597000   0.659000   0.669000 2201517
2017 7 7 122.506000  24.640000   0.743000   0.427000 2201517
2017 7 7 122.578000  24.680000   0.612000   0.365000 2201517
2017 7 7 122.637000  24.711000   0.439000   0.432000 2201517
2017 7 7 122.672000  24.764000   0.369000   0.643000 2201517
2017 7 7 122.716000  24.836000   0.448000   0.607000 2201517
2017 7 7 122.768000  24.882000   0.378000   0.473000 2201517
2017 7 7 122.797000  24.928000   0.247000   0.664000 2201517
2017 4 17 122.069000  24.986000   0.098000  -0.597000 2201529
2017 4 17 122.062000  24.938000  -0.079000  -0.273000 2201529
2017 4 17 122.052000  24.933000  -0.103000  -0.165000 2201529
2017 4 17 122.040000  24.906000  -0.252000  -0.376000 2201529
2017 4 19 122.000000  24.611000   0.374000   0.355000 2201529
2017 4 19 122.055000  24.650000   0.538000   0.355000 2201529
2017 4 19 122.115000  24.680000   0.416000   0.448000 2201529
2017 4 20 122.144000  24.737000   0.448000   0.689000 2201529
2017 4 20 122.211000  24.814000   0.597000   0.797000 2201529
2017 4 20 122.272000  24.892000   0.536000   0.767000 2201529
2017 4 20 122.326000  24.963000   0.592000   0.617000 2201529
2017 3 30 122.033000  24.404000   0.739000   1.533000 2201530
2017 3 30 122.129000  24.561000   0.972000   1.569000 2201530
2017 3 30 122.241000  24.709000   1.168000   1.219000 2201530
2017 3 30 122.379000  24.798000   1.073000   0.988000 2201530
2017 3 30 122.471000  24.901000   0.951000   1.343000 2201530
2017 9 12 122.724000  24.008000   0.183000   0.715000 5102507
2017 9 13 122.743000  24.068000   0.324000   0.715000 5102507
2017 9 13 122.793000  24.147000   0.479000   0.710000 5102507
2017 9 13 122.845000  24.206000   0.385000   0.520000 5102507
2017 9 13 122.875000  24.248000   0.267000   0.391000 5102507
2017 9 13 122.902000  24.282000   0.272000   0.370000 5102507
2017 9 13 122.933000  24.320000   0.314000   0.396000 5102507
2017 9 13 122.969000  24.359000   0.394000   0.365000 5102507
2017 2 28 122.020000  24.072000   0.352000   0.803000 5201555
2017 2 28 122.060000  24.150000   0.413000   0.797000 5201555
2017 2 28 122.108000  24.227000   0.497000   0.746000 5201555
2017 2 28 122.166000  24.295000   0.511000   0.669000 5201555
2017 2 28 122.217000  24.357000   0.553000   0.669000 5201555
2017 2 28 122.284000  24.425000   0.548000   0.566000 5201555
2017 2 28 122.334000  24.467000   0.389000   0.350000 5201555
2017 2 28 122.367000  24.493000   0.393000   0.494000 5201555
2017 3 1 122.418000  24.563000   0.491000   0.710000 5201555
2017 3 1 122.472000  24.631000   0.496000   0.592000 5201555
2017 3 1 122.524000  24.678000   0.458000   0.365000 5201555
2017 3 1 122.570000  24.702000   0.369000   0.370000 5201555
2017 3 1 122.603000  24.750000   0.374000   0.602000 5201555
2017 3 1 122.650000  24.819000   0.443000   0.633000 5201555
2017 3 1 122.698000  24.873000   0.411000   0.448000 5201555
2017 3 1 122.738000  24.906000   0.345000   0.334000 5201555
2017 3 2 122.772000  24.938000   0.238000   0.448000 5201555
2017 3 2 122.789000  24.993000   0.135000   0.576000 5201555
2017 4 8 122.549000  24.014000   0.056000   0.818000 5201559
2017 4 8 122.562000  24.109000   0.272000   0.931000 5201559
2017 4 8 122.607000  24.195000   0.492000   0.828000 5201559
2017 4 8 122.667000  24.270000   0.548000   0.664000 5201559
2017 4 8 122.724000  24.324000   0.506000   0.653000 5201559
2017 4 8 122.775000  24.397000   0.482000   0.715000 5201559
2017 4 9 122.827000  24.463000   0.459000   0.602000 5201559
2017 4 9 122.873000  24.514000   0.463000   0.468000 5201559
2017 4 9 122.926000  24.554000   0.519000   0.453000 5201559
2017 4 9 122.984000  24.602000   0.519000   0.514000 5201559
2017 1 8 122.922000  24.027000   0.221000   0.417000 5201560
2017 1 8 122.938000  24.074000   0.188000   0.386000 5201560
2017 1 9 122.962000  24.102000   0.315000   0.309000 5201560
2017 1 26 122.902000  24.014000  -0.249000   0.484000 5201563
2017 1 26 122.875000  24.064000  -0.244000   0.437000 5201563
2017 1 26 122.850000  24.099000  -0.263000   0.365000 5201563
2017 1 26 122.819000  24.135000  -0.272000   0.417000 5201563
2017 1 27 122.792000  24.180000  -0.253000   0.406000 5201563
2017 1 27 122.765000  24.214000  -0.267000   0.329000 5201563
2017 1 27 122.735000  24.244000  -0.258000   0.283000 5201563
2017 1 27 122.710000  24.269000  -0.155000   0.247000 5201563
2017 1 27 122.702000  24.292000  -0.098000   0.257000 5201563
2017 1 27 122.689000  24.319000  -0.173000   0.288000 5201563
2017 1 27 122.665000  24.348000  -0.103000   0.293000 5201563
2017 1 27 122.667000  24.376000   0.056000   0.412000 5201563
2017 1 28 122.677000  24.428000   0.080000   0.504000 5201563
2017 1 28 122.684000  24.474000   0.051000   0.314000 5201563
2017 1 28 122.688000  24.489000   0.150000   0.216000 5201563
2017 1 28 122.716000  24.516000   0.215000   0.350000 5201563
2017 1 28 122.734000  24.557000   0.168000   0.304000 5201563
2017 1 28 122.752000  24.575000   0.112000   0.062000 5201563
2017 1 28 122.758000  24.569000   0.061000   0.015000 5201563
2017 1 28 122.765000  24.578000   0.103000   0.232000 5201563
2017 1 29 122.780000  24.614000   0.178000   0.376000 5201563
2017 1 29 122.803000  24.651000   0.178000   0.149000 5201563
2017 1 29 122.818000  24.643000   0.084000  -0.103000 5201563
2017 1 29 122.821000  24.631000   0.037000   0.113000 5201563
2017 1 29 122.826000  24.665000   0.079000   0.329000 5201563
2017 1 29 122.838000  24.695000   0.117000   0.242000 5201563
2017 1 29 122.851000  24.712000   0.061000   0.242000 5201563
2017 1 29 122.851000  24.742000   0.033000   0.329000 5201563
2017 1 30 122.858000  24.776000   0.126000   0.247000 5201563
2017 1 30 122.878000  24.790000   0.117000   0.087000 5201563
2017 1 30 122.883000  24.793000  -0.033000   0.057000 5201563
2017 1 30 122.871000  24.801000  -0.154000   0.118000 5201563
2017 1 30 122.850000  24.816000  -0.135000   0.206000 5201563
2017 1 30 122.842000  24.841000   0.042000   0.329000 5201563
2017 1 30 122.859000  24.880000   0.215000   0.283000 5201563
2017 1 30 122.888000  24.896000   0.261000   0.144000 5201563
2017 1 31 122.915000  24.908000   0.187000   0.154000 5201563
2017 1 31 122.928000  24.926000   0.159000   0.190000 5201563
2017 1 31 122.949000  24.945000   0.280000   0.190000 5201563
2017 1 31 122.988000  24.963000   0.322000   0.170000 5201563
2017 10 30 122.016000  24.266000   0.267000   0.252000 5201614
2017 10 30 122.037000  24.293000   0.197000   0.412000 5201614
2017 10 30 122.058000  24.346000   0.305000   0.597000 5201614
2017 10 31 122.102000  24.409000   0.445000   0.622000 5201614
2017 10 31 122.153000  24.467000   0.435000   0.612000 5201614
2017 10 31 122.195000  24.528000   0.486000   0.761000 5201614
2017 10 31 122.257000  24.615000   0.538000   0.782000 5201614
2017 10 31 122.310000  24.680000   0.341000   0.597000 5201614
2017 10 31 122.330000  24.731000   0.182000   0.576000 5201614
2017 10 31 122.349000  24.792000   0.233000   0.746000 5201614
2017 10 31 122.380000  24.876000   0.401000   0.911000 5201614
2017 11 1 122.435000  24.969000   0.448000   0.741000 5201614
2017 12 8 122.599000  24.004000   0.061000   0.329000 5201623
2017 12 9 122.600000  24.034000   0.023000   0.401000 5201623
2017 12 9 122.604000  24.082000   0.117000   0.576000 5201623
2017 12 9 122.625000  24.146000   0.127000   0.504000 5201623
2017 12 9 122.631000  24.180000   0.009000   0.401000 5201623
2017 12 9 122.627000  24.224000  -0.028000   0.520000 5201623
2017 12 9 122.625000  24.281000   0.023000   0.607000 5201623
2017 12 9 122.632000  24.342000   0.098000   0.648000 5201623
2017 12 9 122.646000  24.407000   0.117000   0.653000 5201623
2017 12 10 122.657000  24.469000   0.108000   0.736000 5201623
2017 12 10 122.669000  24.550000   0.140000   0.952000 5201623
2017 12 10 122.687000  24.654000   0.313000   0.972000 5201623
2017 12 10 122.736000  24.739000   0.392000   0.777000 5201623
2017 12 10 122.771000  24.805000   0.355000   0.777000 5201623
2017 12 10 122.812000  24.890000   0.336000   0.916000 5201623
2017 12 10 122.843000  24.983000   0.345000   0.833000 5201623
