18.6900	36.5300
18.6940 36.5300
18.6930 36.5300
18.6970 36.5290
18.6980 36.5290
18.6970 36.5300
18.6960 36.5300
18.6960 36.5300
18.6960 36.5300
18.6940 36.5300
18.6980 36.5300
18.6970 36.5300
18.7020 36.5290
18.7050 36.5290
18.7050 36.5290
18.7050 36.5290
18.7040 36.5290
18.7050 36.5290
18.7060 36.5290
18.7060 36.5290
18.7050 36.5290
18.7050 36.5290
18.7040 36.5290
18.7040 36.5290
18.7040 36.5290
18.7050 36.5290
18.7050 36.5290
18.7060 36.5290
18.7060 36.5290
18.7060 36.5290
18.7070 36.5290
18.7060 36.5290
18.7030 36.5280
18.7050 36.5280
18.7040 36.5280
18.7040 36.5280
18.7030 36.5280
18.7000 36.5270
18.6990 36.5270
18.6990 36.5270
18.7000 36.5270
18.7000 36.5270
18.7000 36.5270
18.7010 36.5270
18.7010 36.5270
18.7020 36.5270
18.7000 36.5270
18.7000 36.5270
18.7010 36.5270
18.7010 36.5270
18.7020 36.5260
18.7010 36.5270
18.7020 36.5270
18.7040 36.5280
18.7020 36.5280
18.6980 36.5260
18.6980 36.5260
18.6980 36.5260
18.6980 36.5260
18.6970 36.5250
18.6960 36.5250
18.6940 36.5240
18.6850 36.5230
18.6550 36.5160
18.6360 36.5120
18.5630 36.5000
18.4810 36.4850
18.4440 36.4770
18.3910 36.4700
18.3490 36.4630
18.3340 36.4610
18.3360 36.4620
18.3540 36.4690
18.3510 36.4690
18.3530 36.4710
18.4170 36.4950
18.3750 36.4880
18.3560 36.4820
18.3520 36.4800
18.3180 36.4730
18.3050 36.4690
18.3070 36.4700
18.2880 36.4660
18.2720 36.4620
18.2700 36.4640
18.2320 36.4550
18.2130 36.4490
18.1560 36.4360
18.1220 36.4250
18.0990 36.4200
18.0790 36.4170
18.0800 36.4190
18.0880 36.4230
18.0680 36.4180
18.0460 36.4140
18.0160 36.4090
18.0030 36.4060
17.9710 36.4000
17.9620 36.3980
17.9580 36.3980
17.9630 36.4040
17.9630 36.4050
17.9570 36.4040
17.9490 36.4030
17.9480 36.4040
17.9490 36.4080
17.9520 36.4120
17.9540 36.4140
17.9620 36.4220
17.9720 36.4320
17.9780 36.4360
17.9910 36.4420
18.0100 36.4500
18.0230 36.4590
18.0200 36.4580
17.9720 36.4550
17.9250 36.4460
17.8920 36.4400
17.8600 36.4340
17.8180 36.4260
17.7740 36.4170
17.7510 36.4130
17.6590 36.4000
17.6240 36.3990
17.6080 36.4010
17.5830 36.4020
17.5550 36.3990
17.5420 36.3980
17.5360 36.3980
17.5120 36.3960
17.4540 36.3890
17.4250 36.3850
17.4000 36.3810
17.3710 36.3760
17.3390 36.3700
17.3070 36.3660
17.2730 36.3620
17.2600 36.3600
17.2440 36.3570
17.1950 36.3480
17.1440 36.3390
17.0870 36.3290
17.0590 36.3230
17.0300 36.3180
17.0150 36.3140
16.9750 36.3060
16.8940 36.2910
16.8490 36.2830
16.8330 36.2800
16.8160 36.2770
16.7900 36.2730
16.7840 36.2710
16.7750 36.2690
16.7470 36.2640
16.6960 36.2560
16.6710 36.2530
16.6650 36.2520
16.6540 36.2500
16.6440 36.2490
16.6220 36.2460
16.6110 36.2450
16.6060 36.2470
16.5710 36.2410
16.5160 36.2310
16.4320 36.2140
16.3270 36.1920
16.2040 36.1720
16.1670 36.1650
16.1450 36.1610
16.1260 36.1580
16.1100 36.1540
16.0750 36.1480
16.0570 36.1450
16.0490 36.1460
16.0280 36.1460
16.0120 36.1440
15.9920 36.1440
15.9570 36.1420
15.9320 36.1370
15.8960 36.1290
15.8660 36.1200
15.8230 36.1100
15.7270 36.0920
15.6940 36.0850
15.6870 36.0840
15.6810 36.0820
15.6320 36.0740
15.5320 36.0590
15.4950 36.0520
15.4560 36.0460
15.4400 36.0430
15.4180 36.0400
15.3790 36.0340
15.3330 36.0280
15.3230 36.0260
15.3110 36.0240
15.2900 36.0220
15.2670 36.0180
15.2630 36.0170
15.2530 36.0160
15.2290 36.0120
15.1930 36.0070
15.1770 36.0040
15.1340 35.9990
15.1240 35.9970
15.0880 35.9920
15.0540 35.9870
15.0470 35.9860
15.0360 35.9830
14.9960 35.9770
14.9300 35.9680
14.8940 35.9630
14.8490 35.9570
14.8180 35.9520
14.7430 35.9420
14.7190 35.9380
14.6940 35.9340
14.6710 35.9300
14.6240 35.9220
14.5740 35.9140
14.5270 35.9070
14.5020 35.9030
14.4940 35.9010
14.4900 35.9000
14.4710 35.8970
14.4320 35.8900
14.4010 35.8850
14.3710 35.8790
14.3600 35.8770
14.3270 35.8720
14.2530 35.8620
14.2270 35.8590
14.1760 35.8510
14.1350 35.8430
14.0960 35.8360
14.0480 35.8270
14.0020 35.8200
13.9800 35.8160
13.9640 35.8130
13.9470 35.8100
13.9220 35.8070
13.9050 35.8040
13.8860 35.8010
13.8730 35.7990
13.8570 35.7960
13.8170 35.7900
13.7300 35.7770
13.5880 35.7610
13.5460 35.7630
13.5260 35.7640
13.4700 35.7560
13.4400 35.7520
13.4290 35.7510
13.3640 35.7420
13.3420 35.7370
13.3350 35.7340
13.3270 35.7330
13.3070 35.7290
13.2640 35.7200
13.1960 35.7070
13.1860 35.7040
13.1460 35.6990
13.1000 35.6920
13.0660 35.6870
13.0380 35.6820
13.0160 35.6790
13.0090 35.6780
13.0000 35.6760
12.9760 35.6730
12.9280 35.6670
12.9040 35.6630
12.8930 35.6620
12.8680 35.6590
12.8170 35.6540
12.7770 35.6490
12.7580 35.6470
12.7230 35.6450
12.7130 35.6440
12.7060 35.6430
12.6930 35.6430
12.6660 35.6410
12.6340 35.6410
12.6150 35.6400
12.5870 35.6380
12.5660 35.6350
12.5530 35.6340
12.5240 35.6300
12.4970 35.6280
12.4760 35.6250
12.4720 35.6240
12.4550 35.6210
12.4320 35.6180
12.3970 35.6140
12.3790 35.6110
12.3620 35.6080
12.3290 35.6040
12.2820 35.5970
12.2650 35.5950
12.2630 35.5950
12.2640 35.5950
12.2640 35.5940
12.2460 35.5920
12.2280 35.5880
12.1410 35.5760
12.1070 35.5690
12.0340 35.5590
11.9850 35.5500
11.9390 35.5450
11.9240 35.5430
11.8740 35.5390
11.8250 35.5340
11.7730 35.5290
11.7460 35.5260
11.6850 35.5200
11.6360 35.5150
11.6280 35.5130
11.5760 35.5070
11.4810 35.4960
11.4430 35.4910
11.4250 35.4880
11.4000 35.4850
11.3320 35.4770
11.2860 35.4710
11.1920 35.4620
11.1830 35.4590
11.1290 35.4530
11.0710 35.4450
10.9890 35.4370
10.9690 35.4340
10.9310 35.4280
10.8710 35.4220
10.8210 35.4170
10.8010 35.4160
10.7860 35.4130
10.7510 35.4090
10.7020 35.4030
10.6830 35.4000
10.6220 35.3930
10.5710 35.3870
10.5340 35.3840
10.5000 35.3800
10.4620 35.3740
10.4370 35.3700
10.3940 35.3640
10.3340 35.3570
10.3160 35.3540
10.2950 35.3520
10.2550 35.3470
10.2140 35.3420
10.2090 35.3390
10.2070 35.3390
10.1940 35.3370
10.1490 35.3350
10.1530 35.3360
10.1460 35.3370
10.1240 35.3360
10.1090 35.3340
10.0790 35.3310
10.0610 35.3280
10.0540 35.3270
10.0240 35.3260
 9.9990 35.3270
10.0000 35.3310
10.0030 35.3470
10.0010 35.3550
 9.8820 35.3420
 9.7820 35.3260
 9.7860 35.3310
 9.8270 35.3470
 9.8210 35.3480
 9.8180 35.3480
 9.8010 35.3450
 9.7490 35.3370
 9.7470 35.3420
 9.6550 35.3350
 9.5630 35.3220
 9.4950 35.3130
 9.4640 35.3160
 9.4180 35.3120
 9.3850 35.3080
 9.3760 35.3070
 9.3690 35.3060
 9.3660 35.3050
 9.3610 35.3050
 9.3540 35.3050
 9.3470 35.3040
 9.3390 35.3040
 9.3330 35.3040
 9.3220 35.3030
 9.3080 35.3020
 9.2710 35.3030
 9.2530 35.3030
 9.2290 35.3020
 9.1740 35.2990
 9.0980 35.2920
 9.0830 35.2910
 9.0800 35.2910
 9.0720 35.2930
 9.0850 35.3020
 9.0810 35.3080
 9.0680 35.3070
 9.0450 35.3090
 9.0290 35.3100
 8.9960 35.3100
 8.9610 35.3110
 8.9500 35.3110
 8.9260 35.3110
 8.9080 35.3100
 8.8910 35.3090
 8.8860 35.3090
 8.8630 35.3080
 8.8410 35.3070
 8.8210 35.3050
 8.7850 35.3030
 8.7280 35.3020
 8.6890 35.3020
 8.6700 35.3020
 8.6500 35.3000
 8.5990 35.2970
 8.5270 35.2920
 8.4820 35.2880
 8.4670 35.2850
 8.4580 35.2840
 8.4540 35.2830
 8.4320 35.2810
 8.4140 35.2780
 8.3570 35.2710
 8.3050 35.2640
 8.2650 35.2590
 8.1670 35.2500
 8.0960 35.2430
 8.0620 35.2390
 8.0460 35.2390
 8.0380 35.2390
 8.0310 35.2380
 8.0270 35.2390
 8.0250 35.2390
 8.0190 35.2390
 8.0130 35.2400
 7.9990 35.2400
 7.9700 35.2430
 7.9690 35.2470
 7.9740 35.2520
 8.0460 35.2740
 8.1200 35.2970
 8.1290 35.3010
 8.1160 35.3020
 8.0890 35.3020
 8.0690 35.3010
 8.0650 35.3000
 8.0620 35.2990
 8.0510 35.2970
 8.0340 35.2940
 7.9950 35.2930
 8.0140 35.3000
 8.0170 35.3020
 8.0200 35.3060
 8.0110 35.3050
 7.9980 35.3060
 7.9810 35.3050
 7.9640 35.3050
 7.9410 35.3040
 7.9150 35.3020
 7.9120 35.3010
 7.9060 35.3000
 7.8780 35.2980
 7.8690 35.2970
 7.8680 35.2970
 7.8610 35.2970
 7.8360 35.2960
 7.8260 35.2950
 7.8160 35.2950
 7.7990 35.2940
 7.7860 35.2930
 7.7520 35.2930
 7.7480 35.2930
 7.7460 35.2930
 7.7110 35.2920
 7.6710 35.2890
 7.6430 35.2880
 7.6380 35.2910
 7.6030 35.2930
 7.5880 35.2930
 7.5850 35.2930
 7.5840 35.2930
 7.5790 35.2920
 7.5570 35.2930
 7.5480 35.2920
 7.5420 35.2910
 7.4930 35.2910
 7.4340 35.2880
 7.4290 35.2880
 7.4290 35.2870
 7.4270 35.2870
 7.4160 35.2860
 7.3890 35.2840
 7.3360 35.2800
 7.3300 35.2810
 7.3280 35.2800
 7.3170 35.2800
 7.2780 35.2750
 7.2410 35.2730
 7.2020 35.2710
 7.1710 35.2670
 7.1620 35.2650
 7.1300 35.2600
 7.1120 35.2580
 7.0730 35.2540
 7.0450 35.2500
 7.0390 35.2490
 7.0210 35.2470
 7.0060 35.2450
 6.9970 35.2450
 6.9950 35.2450
 6.9960 35.2470
 6.9840 35.2460
 6.9590 35.2440
 6.9430 35.2440
 6.9570 35.2490
 6.9640 35.2510
 6.9720 35.2540
 6.9740 35.2550
 6.9540 35.2520
 6.9350 35.2520
 6.9420 35.2550
 6.9260 35.2560
 6.9100 35.2550
 6.9030 35.2560
 6.9030 35.2560
 6.8980 35.2560
 6.8890 35.2560
 6.8810 35.2560
 6.8770 35.2550
 6.8700 35.2550
 6.8640 35.2550
 6.8530 35.2550
 6.8460 35.2560
 6.8380 35.2560
 6.8290 35.2550
 6.8060 35.2540
 6.8000 35.2520
 6.7830 35.2510
 6.7440 35.2480
 6.7280 35.2460
 6.7150 35.2450
 6.7020 35.2430
 6.6840 35.2410
 6.6620 35.2380
 6.6440 35.2360
 6.6170 35.2330
 6.5920 35.2310
 6.5740 35.2290
 6.5690 35.2290
 6.5640 35.2290
 6.5610 35.2280
 6.5580 35.2280
 6.5540 35.2270
 6.5510 35.2270
 6.5460 35.2260
 6.5360 35.2250
 6.5190 35.2240
 6.5140 35.2260
 6.5240 35.2290
 6.5420 35.2330
 6.5670 35.2390
 6.5590 35.2420
 6.5180 35.2360
 6.4830 35.2310
 6.4530 35.2250
 6.4200 35.2200
 6.3780 35.2180
 6.3940 35.2260
 6.5510 35.2590
 6.6040 35.2720
 6.6250 35.2770
 6.6600 35.2850
 6.7090 35.2980
 6.7220 35.3030
 6.7170 35.3070
 6.7330 35.3110
 6.7520 35.3170
 6.7540 35.3200
 6.7570 35.3220
 6.7470 35.3220
 6.7380 35.3210
 6.7320 35.3190
 6.7270 35.3190
 6.7180 35.3180
 6.7160 35.3170
 6.7110 35.3160
 6.7080 35.3160
 6.6990 35.3130
 6.6780 35.3100
 6.6300 35.3010
 6.5900 35.2930
 6.5510 35.2870
 6.5270 35.2820
 6.5160 35.2800
 6.4880 35.2750
 6.4550 35.2700
 6.4150 35.2640
 6.4010 35.2620
 6.3920 35.2600
 6.3860 35.2600
 6.3840 35.2590
 6.3790 35.2570
 6.3470 35.2540
 6.3040 35.2480
 6.2520 35.2410
 6.2260 35.2370
 6.2330 35.2380
 6.2260 35.2370
 6.1760 35.2320
 6.1740 35.2320
 6.2250 35.2420
 6.2760 35.2550
 6.2770 35.2550
 6.2780 35.2550
 6.2770 35.2540
 6.2700 35.2520
 6.2410 35.2470
 6.1900 35.2410
 6.1480 35.2320
 6.1130 35.2240
 6.0930 35.2240
 6.0890 35.2240
 6.0890 35.2240
 6.0900 35.2250
 6.0910 35.2260
 6.0980 35.2280
 6.0970 35.2280
 6.0920 35.2280
 6.0570 35.2240
 6.0410 35.2210
 6.0250 35.2200
 6.0120 35.2180
 6.0000 35.2160
 5.9930 35.2150
 5.9660 35.2130
 5.9380 35.2090
 5.9270 35.2080
 5.9170 35.2070
 5.9100 35.2060
 5.8910 35.2040
 5.8810 35.2020
 5.8760 35.2020
 5.8720 35.2020
 5.8700 35.2010
 5.8710 35.2010
 5.8630 35.1980
 5.8240 35.1940
 5.8160 35.1930
 5.8250 35.1950
 5.8260 35.1960
 5.8240 35.1960
 5.8320 35.1980
 5.8340 35.1990
 5.8380 35.2000
 5.8500 35.2040
 5.8490 35.2040
 5.8460 35.2040
 5.8390 35.2030
 5.8390 35.2030
 5.8340 35.2040
 5.8300 35.2050
 5.8230 35.2040
 5.8020 35.2010
 5.7750 35.1980
 5.7760 35.1980
 5.7560 35.1960
 5.7490 35.1960
 5.7480 35.1960
 5.7470 35.1960
 5.7430 35.1960
 5.7330 35.1960
 5.7290 35.1950
 5.7300 35.1960
 5.7310 35.1980
 5.7190 35.1970
 5.7100 35.1970
 5.7090 35.1980
 5.7160 35.2000
 5.7200 35.2010
 5.7260 35.2030
 5.7270 35.2030
 5.7260 35.2030
 5.7240 35.2030
 5.7190 35.2020
 5.7180 35.2020
 5.7130 35.2010
 5.6870 35.1980
 5.6840 35.1970
 5.6840 35.1980
 5.6770 35.1960
 5.6640 35.1960
 5.6480 35.1940
 5.6450 35.1940
 5.6490 35.1950
 5.6450 35.1940
 5.6350 35.1920
 5.6160 35.1890
 5.5940 35.1860
 5.5590 35.1810
 5.5420 35.1800
 5.5330 35.1800
 5.5190 35.1780
 5.5100 35.1770
 5.4950 35.1750
 5.4620 35.1710
 5.4800 35.1760
 5.4920 35.1790
 5.4860 35.1780
 5.4730 35.1770
 5.4540 35.1740
 5.4340 35.1710
 5.4110 35.1680
 5.3730 35.1620
 5.3720 35.1620
 5.3580 35.1610
 5.3500 35.1590
 5.3440 35.1590
 5.3420 35.1580
 5.3250 35.1550
 5.3110 35.1540
 5.2960 35.1510
 5.2840 35.1490
 5.2590 35.1450
 5.2220 35.1390
 5.1990 35.1360
 5.1880 35.1340
 5.1560 35.1290
 5.1400 35.1270
 5.1190 35.1230
 5.1030 35.1200
 5.0790 35.1170
 5.0730 35.1160
 5.0690 35.1160
 5.0710 35.1170
 5.0780 35.1180
 5.0790 35.1190
 5.0800 35.1200
 5.1000 35.1260
 5.1310 35.1330
 5.1400 35.1360
 5.1420 35.1360
 5.1520 35.1390
 5.1590 35.1410
 5.1620 35.1420
 5.1640 35.1420
 5.1670 35.1430
 5.1700 35.1440
 5.1720 35.1440
 5.1710 35.1440
 5.1570 35.1420
 5.1550 35.1420
 5.1480 35.1410
 5.1280 35.1390
 5.1300 35.1400
 5.1270 35.1400
 5.1160 35.1390
 5.1110 35.1380
 5.1070 35.1370
 5.0960 35.1350
 5.0680 35.1320
 5.0580 35.1300
 5.0570 35.1300
 5.0370 35.1270
 5.0180 35.1250
 5.0090 35.1240
 5.0030 35.1230
 4.9930 35.1220
 4.9810 35.1190
 4.9740 35.1180
 4.9530 35.1150
 4.9480 35.1140
 4.9460 35.1140
 4.9440 35.1130
 4.9440 35.1130
 4.9440 35.1130
 4.9440 35.1130
 4.9450 35.1130
 4.9460 35.1140
 4.9530 35.1150
 4.9570 35.1170
 4.9750 35.1200
 4.9850 35.1200
 4.9920 35.1220
 5.0050 35.1250
 4.9990 35.1250
 4.9960 35.1240
 4.9930 35.1250
 5.0120 35.1280
 5.0120 35.1290
 5.0160 35.1290
 5.0100 35.1280
 4.9940 35.1250
 4.9910 35.1250
 4.9920 35.1240
 4.9890 35.1240
 4.9810 35.1220
 4.9620 35.1180
 4.9080 35.1110
 4.8750 35.1050
 4.8610 35.1030
 4.8650 35.1030
 4.8520 35.1000
 4.8020 35.0930
 4.7770 35.0900
 4.7660 35.0890
 4.7630 35.0890
 4.7590 35.0890
 4.7650 35.0900
 4.7790 35.0930
 4.7690 35.0910
 4.7600 35.0900
 4.7460 35.0880
 4.7420 35.0870
 4.7450 35.0880
 4.7490 35.0890
 4.7520 35.0890
 4.7500 35.0890
 4.7470 35.0880
 4.7410 35.0860
 4.6970 35.0810
 4.6660 35.0760
 4.6590 35.0740
 4.6430 35.0720
 4.6160 35.0680
 4.6100 35.0680
 4.6080 35.0680
 4.6070 35.0670
 4.6040 35.0670
 4.6040 35.0670
 4.6010 35.0680
 4.6000 35.0690
 4.5980 35.0690
 4.5940 35.0680
 4.5850 35.0670
 4.5900 35.0690
 4.5830 35.0680
 4.5760 35.0670
 4.5780 35.0670
 4.5490 35.0640
 4.5280 35.0590
 4.5260 35.0590
 4.5240 35.0590
 4.5180 35.0580
 4.5170 35.0580
 4.5190 35.0580
 4.5180 35.0580
 4.5150 35.0570
 4.4900 35.0520
 4.4610 35.0480
 4.4210 35.0420
 4.4210 35.0410
 4.4020 35.0390
 4.3950 35.0380
 4.3970 35.0380
 4.3980 35.0380
 4.4010 35.0390
 4.4020 35.0390
 4.4020 35.0390
 4.3910 35.0380
 4.3830 35.0360
 4.3660 35.0350
 4.3690 35.0350
 4.3810 35.0380
 4.3830 35.0390
 4.3830 35.0390
 4.3820 35.0390
 4.3770 35.0380
 4.3740 35.0380
 4.3810 35.0400
 4.3870 35.0410
 4.3890 35.0420
 4.3900 35.0420
 4.3940 35.0430
 4.3980 35.0430
 4.4020 35.0430
 4.3990 35.0420
 4.3760 35.0380
 4.3290 35.0320
 4.3070 35.0280
 4.3040 35.0280
 4.2900 35.0250
 4.2690 35.0220
 4.2430 35.0180
 4.2300 35.0160
 4.2270 35.0160
 4.2290 35.0160
 4.2300 35.0160
 4.2040 35.0130
 4.1790 35.0080
 4.1540 35.0050
 4.1360 35.0030
 4.1230 35.0010
 4.1210 35.0000
 4.1200 35.0000
 4.1190 35.0000
 4.1190 35.0000
 4.1170 35.0000
 4.1140 34.9990
 4.1070 34.9980
 4.0950 34.9960
 4.0800 34.9930
 4.0710 34.9920
 4.0530 34.9890
 4.0310 34.9850
 4.0040 34.9820
 3.9950 34.9800
 3.9870 34.9780
 3.9740 34.9770
 3.9620 34.9750
 3.9300 34.9710
 3.9230 34.9700
 3.9130 34.9690
 3.9050 34.9680
 3.8990 34.9670
 3.8980 34.9670
 3.8980 34.9670
 3.8980 34.9670
 3.8990 34.9670
 3.9020 34.9680
 3.9140 34.9710
 3.9260 34.9730
 3.9290 34.9740
 3.9160 34.9730
 3.9160 34.9730
 3.9140 34.9730
 3.9140 34.9730
 3.9190 34.9740
 3.9250 34.9750
 3.9270 34.9760
 3.9270 34.9760
 3.9320 34.9770
 3.9380 34.9780
 3.9220 34.9760
 3.9120 34.9750
 3.8780 34.9710
 3.8780 34.9710
 3.8900 34.9740
 3.8910 34.9740
 3.8920 34.9750
 3.9110 34.9780
 3.9240 34.9810
 3.9260 34.9810
 3.9250 34.9790
 3.8810 34.9720
 3.8540 34.9670
 3.8170 34.9630
 3.7630 34.9540
 3.7640 34.9540
 3.7540 34.9520
 3.7450 34.9510
 3.7410 34.9500
 3.7330 34.9500
 3.7270 34.9490
 3.7290 34.9510
 3.7550 34.9550
 3.7690 34.9580
 3.7900 34.9620
 3.8020 34.9650
 3.8210 34.9680
 3.8280 34.9700
 3.8280 34.9700
 3.8270 34.9700
 3.8210 34.9680
 3.8100 34.9670
 3.7930 34.9650
 3.7880 34.9640
 3.7820 34.9630
 3.7780 34.9610
 3.7750 34.9610
 3.7350 34.9540
 3.7100 34.9510
 3.6990 34.9500
 3.6980 34.9500
 3.6990 34.9500
 3.6970 34.9500
 3.6960 34.9500
 3.6950 34.9500
 3.6940 34.9500
 3.6940 34.9500
 3.6940 34.9500
 3.6940 34.9510
 3.6920 34.9510
 3.6900 34.9510
 3.6930 34.9520
 3.6930 34.9520
 3.6920 34.9530
 3.6890 34.9530
 3.6870 34.9540
 3.6860 34.9540
 3.6860 34.9540
 3.6860 34.9540
 3.6850 34.9540
 3.6840 34.9540
 3.6840 34.9550
 3.6850 34.9550
 3.6840 34.9550
 3.6820 34.9550
 3.6790 34.9550
 3.6780 34.9550
 3.6790 34.9560
 3.6890 34.9570
 3.6890 34.9580
 3.6890 34.9580
 3.6900 34.9580