nan nan
 121.629556	 30.013278
 121.722500	 29.967889
 121.714139	 29.948722
 121.740833	 29.971222
 121.743306	 29.957028
 121.759167	 29.972889
 121.794167	 29.968750
 121.830833	 29.933722
 121.908306	 29.924583
 121.941694	 29.891222
 122.004222	 29.891194
 122.013333	 29.877056
 122.024111	 29.890444
 122.057500	 29.886222
 122.114167	 29.911250
 122.137889	 29.892500
 122.132472	 29.877889
 121.935833	 29.787917
 121.914167	 29.749583
 121.876639	 29.762889
 121.857917	 29.699139
 121.843333	 29.688750
 121.824139	 29.703722
 121.838750	 29.688306
 121.776667	 29.654583
 121.734139	 29.598694
 121.699972	 29.597917
 121.711222	 29.571667
 121.700833	 29.562917
 121.649139	 29.550417
 121.640833	 29.577889
 121.643278	 29.548750
 121.590778	 29.542889
 121.566694	 29.553750
 121.523306	 29.511194
 121.510806	 29.562861
 121.454556	 29.516667
 121.460417	 29.493306
 121.427111	 29.474972
 121.442472	 29.416250
 121.467944	 29.424972
 121.476222	 29.470000
 121.501667	 29.493722
 121.506667	 29.459556
 121.530361	 29.471639
 121.513750	 29.424972
 121.487028	 29.412472
 121.488750	 29.394944
 121.542083	 29.430000
 121.565833	 29.472889
 121.654972	 29.497083
 121.721639	 29.543750
 121.734972	 29.526222
 121.778278	 29.536194
 121.761250	 29.488306
 121.772472	 29.470417
 121.800000	 29.476222
 121.842111	 29.539111
 121.807528	 29.552917
 121.745000	 29.541222
 121.741222	 29.556667
 121.793306	 29.607111
 121.877444	 29.618722
 121.924167	 29.646222
 121.955833	 29.637083
 121.951639	 29.615389
 121.970028	 29.621194
 121.975444	 29.600778
 121.997861	 29.590806
 121.951222	 29.560833
 121.959972	 29.540444
 121.938333	 29.547028
 121.917917	 29.534139
 121.957917	 29.510861
 121.941250	 29.487500
 121.983722	 29.456611
 121.962889	 29.434167
 121.970389	 29.415833
 121.940000	 29.430417
 121.903694	 29.391611
 121.916667	 29.372083
 121.934611	 29.374167
 121.921667	 29.344556
 121.955361	 29.343333
 121.948306	 29.323722
 121.910444	 29.320833
 121.926250	 29.312500
 121.908722	 29.300778
 121.920389	 29.282472
 121.949167	 29.273694
 121.952444	 29.288750
 121.995389	 29.283333
 121.984583	 29.272500
 121.997472	 29.264556
 121.969167	 29.266250
 121.957889	 29.249139
 121.974194	 29.222889
 121.962472	 29.215417
 121.945778	 29.232944
 121.937500	 29.197917
 121.849139	 29.162056
 121.799139	 29.201278
 121.830389	 29.244194
 121.816194	 29.284972
 121.839611	 29.297444
 121.801250	 29.301639
 121.824611	 29.316694
 121.818333	 29.326250
 121.838722	 29.328333
 121.817472	 29.333694
 121.831278	 29.340806
 121.820806	 29.344556
 121.792917	 29.322472
 121.800000	 29.376222
 121.780833	 29.364583
 121.774167	 29.372889
 121.767861	 29.358278
 121.787917	 29.351639
 121.766222	 29.337472
 121.782083	 29.328333
 121.772861	 29.294944
 121.785361	 29.272500
 121.759167	 29.191222
 121.725000	 29.201222
 121.709972	 29.176250
 121.656194	 29.178306
 121.645389	 29.274972
 121.658750	 29.284167
 121.646250	 29.284972
 121.670417	 29.301667
 121.659556	 29.315806
 121.645000	 29.297889
 121.637472	 29.310444
 121.622861	 29.298306
 121.641222	 29.284972
 121.643306	 29.186250
 121.622861	 29.196639
 121.596222	 29.271667
 121.582500	 29.263722
 121.571667	 29.276222
 121.500417	 29.272528
 121.548778	 29.260833
 121.530361	 29.206667
 121.519556	 29.208333
 121.533306	 29.183722
 121.495778	 29.159583
 121.492917	 29.195833
 121.479167	 29.201222
 121.488750	 29.185806
 121.475861	 29.156194
 121.429972	 29.172917
 121.418750	 29.163333
 121.422528	 29.149556
 121.438361	 29.162083
 121.450806	 29.141250
 121.467917	 29.140806
 121.437917	 29.114167
 121.462472	 29.099556
 121.559972	 29.120417
 121.648306	 29.108722
 121.630389	 29.100000
 121.628039	 29.048527
 121.533306	 29.059556
 121.542056	 29.035806
 121.525417	 29.003306
 121.555389	 29.018361
 121.542083	 29.024972
 121.553333	 29.053750
 121.591667	 29.035417
 121.661639	 29.056250
 121.655833	 29.031250
 121.678306	 29.037889
 121.679139	 29.024556
 121.710389	 29.016667
 121.676639	 29.016222
 121.682917	 28.989972
 121.666250	 28.993306
 121.667083	 28.973306
 121.694194	 28.971222
 121.691611	 28.951250
 121.707500	 28.962944
 121.704167	 28.946222
 121.732056	 28.941667
 121.664972	 28.905389
 121.573278	 28.927889
 121.540806	 28.962083
 121.512056	 28.941667
 121.528750	 28.935833
 121.524972	 28.913722
 121.588389	 28.892917
 121.609972	 28.901222
 121.643278	 28.881222
 121.639167	 28.851250
 121.676250	 28.858333
 121.664528	 28.837472
 121.681278	 28.835000
 121.678750	 28.824139
 121.644528	 28.802500
 121.680778	 28.802111
 121.682056	 28.788306
 121.653278	 28.786250
 121.637083	 28.755806
 121.640361	 28.723306
 121.660778	 28.717889
 121.594944	 28.720417
 121.531667	 28.691222
 121.346028	 28.705583
 121.354167	 28.692111
 121.444972	 28.686250
 121.507056	 28.660806
 121.546194	 28.541639
 121.581194	 28.515806
 121.564556	 28.498333
 121.587056	 28.480000
 121.573750	 28.438306
 121.603750	 28.394944
 121.593722	 28.369167
 121.629944	 28.342889
 121.671194	 28.349139
 121.647944	 28.329139
 121.641278	 28.285000
 121.618750	 28.277500
 121.625444	 28.265806
 121.583333	 28.248722
 121.592861	 28.281639
 121.580028	 28.308750
 121.517500	 28.335417
 121.464139	 28.336194
 121.444194	 28.294528
 121.400417	 28.306694
 121.414583	 28.289139
 121.403722	 28.283361
 121.434611	 28.264167
 121.410806	 28.234611
 121.362861	 28.220806
 121.377917	 28.201667
 121.363750	 28.185806
 121.390389	 28.189139
 121.384583	 28.166611
 121.359167	 28.140417
 121.338306	 28.142917
 121.324972	 28.170361
 121.273750	 28.197472
 121.252917	 28.258306
 121.267056	 28.283278
 121.211222	 28.327500
 121.277889	 28.362500
 121.223333	 28.356250
 121.207861	 28.366639
 121.211667	 28.383778
 121.196611	 28.377056
 121.200056	 28.389583
 121.171611	 28.394583
 121.164583	 28.382472
 121.182917	 28.363333
 121.135417	 28.340806
 121.145389	 28.322500
 121.118306	 28.286250
 121.078333	 28.285417
 121.076639	 28.311222
 121.059139	 28.301222
 121.047444	 28.313722
 121.027889	 28.292472
 121.109111	 28.279583
 121.127917	 28.245000
 121.116222	 28.209944
 121.092111	 28.193278
 121.093333	 28.170389
 121.035806	 28.143722
 121.020000	 28.148694
 121.000389	 28.122472
 120.994556	 28.048306
 120.958306	 27.979556
 120.879972	 27.997917
 120.809972	 27.990417
 120.777472	 28.021250
 120.671694	 28.048722
 120.682500	 28.065417
 120.656667	 28.039528
 120.620028	 28.037056
 120.594583	 28.057472
 120.598750	 28.085000
 120.582889	 28.103333
 120.589556	 28.036639
 120.604167	 28.021194
 120.709139	 28.021222
 120.748361	 27.982889
 120.851694	 27.947917
 120.867917	 27.929139
 120.858722	 27.885000
 120.773778	 27.806639
 120.726667	 27.727083
 120.689139	 27.718722
 120.635250	 27.748639
 120.678750	 27.701639
 120.658750	 27.661667
 120.674583	 27.637528
 120.637556	 27.598722
 120.562083	 27.580806
 120.600028	 27.583694
 120.627111	 27.494167
 120.664194	 27.503722
 120.661194	 27.485861
 120.687889	 27.475000
 120.638694	 27.425833
 120.644139	 27.363750
 120.617500	 27.363750
 120.611667	 27.390417
 120.593333	 27.379556
 120.543750	 27.402528
 120.552889	 27.391694
 120.536250	 27.384167
 120.560389	 27.378278
 120.532083	 27.358306
 120.534972	 27.337056
 120.507944	 27.339139
 120.542500	 27.331222
 120.540806	 27.319556
 120.564972	 27.329556
 120.540417	 27.301611
 120.563722	 27.295833
 120.539194	 27.275417
 120.517917	 27.276639
 120.517889	 27.249139
 120.542917	 27.248306
 120.511278	 27.214972
 120.519583	 27.194972
 120.473333	 27.167028
 120.451667	 27.223722
 120.421222	 27.195833
 120.433750	 27.169167
 120.415000	 27.162083
 120.414583	 27.180000
 120.384611	 27.205000
 120.397889	 27.229139
 120.367472	 27.250389
 120.349833	 27.245306
 120.377889	 27.223333
 120.377889	 27.201667
 120.348750	 27.176639
 120.368306	 27.170361
 120.384111	 27.184583
 120.405833	 27.151250
 120.441222	 27.153333
 120.429972	 27.133750
 120.377083	 27.137472
 120.417917	 27.122472
 120.372917	 27.121639
 120.368333	 27.112111
 120.387889	 27.109139
 120.371194	 27.095833
 120.392083	 27.089972
 120.315806	 27.104583
 120.291667	 27.095417
 120.255000	 27.120417
 120.251250	 27.093306
 120.276639	 27.094556
 120.286222	 27.075833
 120.286639	 27.047861
 120.247472	 27.062056
 120.259556	 27.040806
 120.237083	 27.034139
 120.265417	 27.029194
 120.266306	 26.995806
 120.241667	 26.979583
 120.159556	 26.974167
 120.190889	 26.964556
 120.185778	 26.956250
 120.241694	 26.965389
 120.230417	 26.917500
 120.141639	 26.932111
 120.127472	 26.918750
 120.120861	 26.932889
 120.103750	 26.916667
 120.115389	 26.893306
 120.095833	 26.876222
 120.074583	 26.880833
 120.075056	 26.897917
 120.038694	 26.896639
 120.065417	 26.871639
 120.026278	 26.870833
 120.035778	 26.822056
 120.080861	 26.822917
 120.095806	 26.792861
 120.135417	 26.798306
 120.095417	 26.759972
 120.110028	 26.733750
 120.143361	 26.741250
 120.130472	 26.729972
 120.154611	 26.728361
 120.096222	 26.693306
 120.109528	 26.663333
 120.122889	 26.664167
 120.106250	 26.641667
 120.131250	 26.649167
 120.120806	 26.636222
 120.086667	 26.617889
 120.076222	 26.626611
 120.088750	 26.648306
 120.076667	 26.649583
 120.008306	 26.603722
 119.954111	 26.608750
 119.927861	 26.581667
 119.943778	 26.563306
 119.898306	 26.540417
 119.891667	 26.522083
 119.834194	 26.521250
 119.837500	 26.532056
 119.823722	 26.530861
 119.842083	 26.554139
 119.833750	 26.564167
 119.863722	 26.560806
 119.842083	 26.587500
 119.899139	 26.624556
 119.943306	 26.609556
 119.966639	 26.644583
 119.989167	 26.645417
 119.970417	 26.666611
 119.991222	 26.682500
 119.970389	 26.690806
 119.980028	 26.705417
 120.032917	 26.711639
 120.035389	 26.727500
 120.016222	 26.734972
 120.041667	 26.739556
 120.071250	 26.771694
 120.077917	 26.803333
 119.971639	 26.780361
 119.974972	 26.795417
 119.934111	 26.795417
 119.917917	 26.774944
 119.932889	 26.747500
 119.887056	 26.676639
 119.903722	 26.667472
 119.868306	 26.648722
 119.868750	 26.678333
 119.835389	 26.694139
 119.845833	 26.721250
 119.805833	 26.687889
 119.786250	 26.709139
 119.809583	 26.725000
 119.791250	 26.750806
 119.814972	 26.782083
 119.853750	 26.779972
 119.842111	 26.793333
 119.852917	 26.812472
 119.788306	 26.787083
 119.783722	 26.806639
 119.857472	 26.847111
 119.849139	 26.859528
 119.811667	 26.834556
 119.805833	 26.854556
 119.775389	 26.836667
 119.783750	 26.825778
 119.755389	 26.791611
 119.772889	 26.775806
 119.760417	 26.769167
 119.767028	 26.752472
 119.744167	 26.733722
 119.727917	 26.741667
 119.740417	 26.755806
 119.727917	 26.792500
 119.690361	 26.822500
 119.671222	 26.885806
 119.649111	 26.893111
 119.692972	 26.804167
 119.678722	 26.761639
 119.704139	 26.735361
 119.737056	 26.726667
 119.727528	 26.704611
 119.695806	 26.707111
 119.662472	 26.730417
 119.658333	 26.763722
 119.613333	 26.757861
 119.624972	 26.800389
 119.588306	 26.785417
 119.565806	 26.815417
 119.542917	 26.813306
 119.565833	 26.813750
 119.580389	 26.788333
 119.554556	 26.760833
 119.548694	 26.724139
 119.561667	 26.707917
 119.595389	 26.718306
 119.609583	 26.660806
 119.589167	 26.651222
 119.552528	 26.675389
 119.527056	 26.660806
 119.548694	 26.641639
 119.544583	 26.628306
 119.602917	 26.585806
 119.600778	 26.564556
 119.620806	 26.593750
 119.669139	 26.618750
 119.680444	 26.614111
 119.670778	 26.607083
 119.703333	 26.604583
 119.725778	 26.615444
 119.749556	 26.598306
 119.743333	 26.587083
 119.783306	 26.585444
 119.797083	 26.551667
 119.774139	 26.563722
 119.762889	 26.549167
 119.788722	 26.530000
 119.772028	 26.519139
 119.801222	 26.505861
 119.772028	 26.499944
 119.803306	 26.495389
 119.799556	 26.475000
 119.817972	 26.474139
 119.807139	 26.460028
 119.819167	 26.465389
 119.818306	 26.449528
 119.831250	 26.449972
 119.814972	 26.435389
 119.791667	 26.443694
 119.803778	 26.433333
 119.795389	 26.418306
 119.766639	 26.405389
 119.768306	 26.440389
 119.746611	 26.454556
 119.715833	 26.448722
 119.714972	 26.465417
 119.679167	 26.468722
 119.679556	 26.483333
 119.646639	 26.506222
 119.615889	 26.465417
 119.600833	 26.482028
 119.568306	 26.482917
 119.587056	 26.475806
 119.571222	 26.464972
 119.580000	 26.423722
 119.590778	 26.442111
 119.657444	 26.443750
 119.657861	 26.381611
 119.669611	 26.377444
 119.653750	 26.359972
 119.671667	 26.342861
 119.700000	 26.344556
 119.682917	 26.331639
 119.715000	 26.311222
 119.762083	 26.334167
 119.750389	 26.347500
 119.763750	 26.355833
 119.744611	 26.363306
 119.765833	 26.377056
 119.764139	 26.367056
 119.786694	 26.365417
 119.776222	 26.375028
 119.794583	 26.381667
 119.785389	 26.396667
 119.815028	 26.424556
 119.838278	 26.428750
 119.827083	 26.410806
 119.856222	 26.402500
 119.842028	 26.384944
 119.872083	 26.374167
 119.861667	 26.350361
 119.890806	 26.356250
 119.899167	 26.343694
 119.958750	 26.375833
 119.902444	 26.315389
 119.880833	 26.322944
 119.863306	 26.311250
 119.845833	 26.334583
 119.789944	 26.311222
 119.793306	 26.294583
 119.812083	 26.294972
 119.800000	 26.275389
 119.781639	 26.298778
 119.756694	 26.299583
 119.750000	 26.285389
 119.645806	 26.271250
 119.593333	 26.242083
 119.641639	 26.257917
 119.673694	 26.235000
 119.597889	 26.171639
 119.605806	 26.141222
 119.556639	 26.131222
 119.512083	 26.075000
 119.554139	 26.051222
 119.611694	 26.046222
 119.664972	 26.012889
 119.699972	 26.028722
 119.719583	 26.005861
 119.684167	 25.904556
 119.675028	 25.914556
 119.630806	 25.909528
 119.604167	 25.847889
 119.582500	 25.900361
 119.567972	 25.880000
 119.585389	 25.878306
 119.584556	 25.834139
 119.612889	 25.819139
 119.612056	 25.777500
 119.632944	 25.761639
 119.597056	 25.720000
 119.598694	 25.693333
 119.558361	 25.695417
 119.539167	 25.714556
 119.514139	 25.690389
 119.491667	 25.695361
 119.473333	 25.681250
 119.443722	 25.701639
 119.467083	 25.676639
 119.464639	 25.625000
 119.487528	 25.632917
 119.499556	 25.623306
 119.480417	 25.590806
 119.500861	 25.562889
 119.517444	 25.555444
 119.535806	 25.587917
 119.560861	 25.584611
 119.545417	 25.573361
 119.559972	 25.570417
 119.599556	 25.590000
 119.578778	 25.577472
 119.567056	 25.541694
 119.578278	 25.522917
 119.599528	 25.521694
 119.553722	 25.503306
 119.605833	 25.512056
 119.586222	 25.478306
 119.617500	 25.493750
 119.605833	 25.467944
 119.633278	 25.464583
 119.639556	 25.477472
 119.635417	 25.449194
 119.609528	 25.431639
 119.644139	 25.435389
 119.652139	 25.424972
 119.657917	 25.385000
 119.619556	 25.361667
 119.654972	 25.365389
 119.654583	 25.355833
 119.592028	 25.342500
 119.606222	 25.377500
 119.581278	 25.423333
 119.607056	 25.428306
 119.595833	 25.446222
 119.577917	 25.434167
 119.588306	 25.460389
 119.560861	 25.460417
 119.550833	 25.440417
 119.544139	 25.457889
 119.528722	 25.435806
 119.538750	 25.424111
 119.519556	 25.396667
 119.549167	 25.397056
 119.568278	 25.415417
 119.557528	 25.383750
 119.485806	 25.366222
 119.512889	 25.390806
 119.497917	 25.417500
 119.516222	 25.424972
 119.487917	 25.441667
 119.499583	 25.455806
 119.463306	 25.460417
 119.433722	 25.435806
 119.463694	 25.513306
 119.433306	 25.508722
 119.365000	 25.528750
 119.357083	 25.548306
 119.381278	 25.592500
 119.362500	 25.578722
 119.368333	 25.606250
 119.360028	 25.597083
 119.349111	 25.619556
 119.329167	 25.614556
 119.338750	 25.587472
 119.307472	 25.564583
 119.285389	 25.575806
 119.287944	 25.536694
 119.225806	 25.473722
 119.201639	 25.495417
 119.202944	 25.473333
 119.162500	 25.457889
 119.131694	 25.413750
 119.114139	 25.431250
 119.087917	 25.422444
 119.111611	 25.428778
 119.132028	 25.390000
 119.151639	 25.378722
 119.163333	 25.387083
 119.164556	 25.359972
 119.183361	 25.358750
 119.186667	 25.343750
 119.203333	 25.369528
 119.215361	 25.361667
 119.232917	 25.310778
 119.189611	 25.300778
 119.212472	 25.267889
 119.227472	 25.265417
 119.230417	 25.284972
 119.252056	 25.294972
 119.251667	 25.332917
 119.279972	 25.315389
 119.302500	 25.331222
 119.305806	 25.301250
 119.372889	 25.269167
 119.369194	 25.247056
 119.330833	 25.234583
 119.285389	 25.240806
 119.309583	 25.195778
 119.281639	 25.171222
 119.219167	 25.188750
 119.228333	 25.197889
 119.178333	 25.184528
 119.147917	 25.211639
 119.166194	 25.236639
 119.128333	 25.265389
 119.127056	 25.229139
 119.086222	 25.189139
 119.104167	 25.172889
 119.140833	 25.172861
 119.132917	 25.154972
 119.160833	 25.153722
 119.161250	 25.130778
 119.108306	 25.135389
 119.105833	 25.152056
 119.095389	 25.134139
 119.115417	 25.131611
 119.104167	 25.112917
 119.071250	 25.140833
 119.085389	 25.139139
 119.087889	 25.159972
 119.064972	 25.161222
 119.047083	 25.138306
 119.058306	 25.117056
 119.036222	 25.128306
 119.029583	 25.139972
 119.044583	 25.146667
 119.026250	 25.164972
 119.033333	 25.177944
 119.068722	 25.174194
 119.086278	 25.220833
 119.082917	 25.264139
 119.058306	 25.240417
 119.017528	 25.241278
 119.011694	 25.226222
 118.984972	 25.222056
 118.976250	 25.231639
 118.996222	 25.243333
 118.992500	 25.270389
 119.042472	 25.257889
 119.070000	 25.287028
 119.050000	 25.277111
 119.048333	 25.299528
 119.033306	 25.278722
 119.018278	 25.293722
 118.983278	 25.292917
 118.869611	 25.247472
 118.887472	 25.229583
 118.907444	 25.246222
 118.930417	 25.231667
 118.919167	 25.225389
 118.938722	 25.227472
 118.910389	 25.200000
 118.918333	 25.187917
 118.938333	 25.211278
 118.964972	 25.204556
 118.963306	 25.187083
 118.981194	 25.199167
 118.981250	 25.171667
 118.939556	 25.146639
 118.967444	 25.119556
 118.942444	 25.107917
 118.878333	 25.114583
 118.851194	 25.089139
 118.874972	 25.051222
 118.909972	 25.027111
 118.944972	 25.028722
 118.930389	 25.017500
 118.951639	 25.007056
 118.977472	 25.010389
 118.984528	 25.042472
 119.017917	 25.053306
 118.978694	 24.988306
 119.003361	 24.956250
 119.021250	 24.956639
 118.981639	 24.940389
 118.972500	 24.966194
 118.925000	 24.962861
 118.897028	 24.938278
 118.907528	 24.944583
 118.909556	 24.917500
 118.948306	 24.887056
 118.973333	 24.900444
 118.985861	 24.881222
 118.925028	 24.873722
 118.874972	 24.897056
 118.834972	 24.878694
 118.827472	 24.902056
 118.808306	 24.902861
 118.780361	 24.882444
 118.796194	 24.877444
 118.789111	 24.869556
 118.814167	 24.873722
 118.765028	 24.853750
 118.698333	 24.849528
 118.712056	 24.879111
 118.696194	 24.886639
 118.734972	 24.887056
 118.742889	 24.908306
 118.729972	 24.919556
 118.725806	 24.903722
 118.712056	 24.905778
 118.713750	 24.914139
 118.687472	 24.896250
 118.687083	 24.921667
 118.706250	 24.934167
 118.644139	 24.992889
 118.672917	 24.949167
 118.642028	 24.929972
 118.653778	 24.919167
 118.643694	 24.908333
 118.679556	 24.888333
 118.672889	 24.872472
 118.645000	 24.852861
 118.633333	 24.872083
 118.593333	 24.877861
 118.562917	 24.908278
 118.583306	 24.875389
 118.632056	 24.860806
 118.627889	 24.814139
 118.616250	 24.814139
 118.632083	 24.804167
 118.633333	 24.774583
 118.650806	 24.790361
 118.670833	 24.780417
 118.710778	 24.813722
 118.723750	 24.810833
 118.716222	 24.797500
 118.731639	 24.773750
 118.778722	 24.772500
 118.760417	 24.731611
 118.732889	 24.722472
 118.733778	 24.698278
 118.714139	 24.677861
 118.692444	 24.666250
 118.667472	 24.689583
 118.648722	 24.680833
 118.646250	 24.636667
 118.658306	 24.621222
 118.674111	 24.632056
 118.680389	 24.613333
 118.650889	 24.555417
 118.632444	 24.557917
 118.620806	 24.534583
 118.581667	 24.528750
 118.566694	 24.511250
 118.568722	 24.544139
 118.554556	 24.554139
 118.568306	 24.547056
 118.589639	 24.575000
 118.494139	 24.626194
 118.437861	 24.629972
 118.461250	 24.699111
 118.437444	 24.725444
 118.414583	 24.672500
 118.430389	 24.629972
 118.415806	 24.604556
 118.363306	 24.580417
 118.363306	 24.592056
 118.314111	 24.583722
 118.268306	 24.606250
 118.284556	 24.574111
 118.260000	 24.569583
 118.237528	 24.539528
 118.191194	 24.569167
 118.186250	 24.603306
 118.227861	 24.606639
 118.225806	 24.625361
 118.207056	 24.621667
 118.214139	 24.632111
 118.177056	 24.625000
 118.210417	 24.655806
 118.182861	 24.661667
 118.189167	 24.684611
 118.161222	 24.683333
 118.164167	 24.659556
 118.132917	 24.659111
 118.148750	 24.645806
 118.101667	 24.566222
 118.084139	 24.566250
 118.086222	 24.597472
 118.046639	 24.618750
 118.057917	 24.593306
 118.045389	 24.589167
 118.057056	 24.575833
 118.047528	 24.556222
 118.026639	 24.566250
 118.031667	 24.552111
 118.014139	 24.554556
 118.004972	 24.575389
 117.998361	 24.557889
nan nan
 117.988250	 24.539500
 118.044139	 24.535389
 118.065417	 24.509139
 118.034139	 24.477944
 118.028361	 24.489556
 118.010389	 24.475806
 118.035806	 24.445417
 117.885833	 24.487889
nan nan
 117.905833	 24.395444
 118.060833	 24.407889
 118.052056	 24.364944
 118.022472	 24.352083
 118.011250	 24.324972
 118.050806	 24.356250
 118.083278	 24.342083
 118.095806	 24.357944
 118.111278	 24.318306
 118.131250	 24.308306
 118.134556	 24.264972
 118.107472	 24.265417
 118.097500	 24.241222
 118.070778	 24.253750
 118.018333	 24.202889
 118.002472	 24.229556
 117.993750	 24.209139
 118.013750	 24.208306
 117.967444	 24.153694
nan nan
 120.051250	 14.889167
 120.062083	 15.045833
 120.007944	 15.234972
 120.015417	 15.264167
 119.962861	 15.326639
 119.961222	 15.352472
 119.887889	 15.430833
 119.922083	 15.452472
 119.903694	 15.461667
 119.900389	 15.494972
 119.919194	 15.477917
 119.941639	 15.480361
 119.943722	 15.499139
 119.966250	 15.509972
 119.935389	 15.557472
 119.947056	 15.574167
 119.913750	 15.566639
 119.917083	 15.597500
 119.902056	 15.623333
 119.921222	 15.643333
 119.932056	 15.693306
 119.912500	 15.709556
 119.897528	 15.703750
 119.867056	 15.735000
 119.907861	 15.757444
 119.886250	 15.819139
 119.910444	 15.848306
 119.852500	 15.967889
 119.812472	 15.958722
 119.803722	 15.925806
 119.781667	 15.932861
 119.774167	 15.914556
 119.747889	 15.964944
 119.771250	 16.026639
 119.752917	 16.052472
 119.776250	 16.135833
 119.769556	 16.166667
 119.751250	 16.173333
 119.780389	 16.241639
 119.777889	 16.312500
 119.812444	 16.362056
 119.853306	 16.361222
 119.879944	 16.396222
 119.922556	 16.386250
 119.928722	 16.369111
 119.911222	 16.300833
 119.920417	 16.276639
 119.896222	 16.240833
 119.925833	 16.249556
 119.951667	 16.239556
 119.956639	 16.222917
 119.971639	 16.228722
 119.968750	 16.214944
 120.011667	 16.172056
 120.045056	 16.194556
 120.045833	 16.180389
 120.086667	 16.170417
 120.108722	 16.147500
 120.104167	 16.136250
 120.086222	 16.146667
 120.101250	 16.127500
 120.087139	 16.116694
 120.092083	 16.098361
 120.112056	 16.082500
 120.096222	 16.069167
 120.154139	 16.037889
 120.202472	 16.028778
 120.328306	 16.068750
 120.422083	 16.166667
 120.398778	 16.251667
 120.361667	 16.281194
 120.366667	 16.253722
 120.337028	 16.303306
 120.340389	 16.359167
 120.321250	 16.389944
 120.332056	 16.441639
 120.307056	 16.509972
 120.318694	 16.574972
 120.276278	 16.619167
 120.281667	 16.627889
 120.295000	 16.611194
 120.307056	 16.615833
 120.306222	 16.646611
 120.335444	 16.680833
 120.332056	 16.836667
 120.397056	 16.882472
 120.449556	 17.000000
 120.427917	 17.168333
 120.403750	 17.215806
 120.420389	 17.235000
 120.417917	 17.270806
 120.433722	 17.288333
 120.421278	 17.292472
 120.426250	 17.338306
 120.444194	 17.340444
 120.454556	 17.361611
 120.457083	 17.412528
 120.447056	 17.447500
 120.430389	 17.455028
 120.433778	 17.481611
 120.402056	 17.500806
 120.420444	 17.524972
 120.387500	 17.524528
 120.388306	 17.544556
 120.372500	 17.528750
 120.335417	 17.571667
 120.368778	 17.674139
 120.348750	 17.680806
 120.352861	 17.694167
 120.372444	 17.685361
 120.433750	 17.737444
 120.427500	 17.756250
 120.405417	 17.760833
 120.423750	 17.776667
 120.403694	 17.783333
 120.401250	 17.800000
 120.435000	 17.826250
 120.454611	 17.824139
 120.438750	 17.865806
 120.442972	 17.903306
 120.428722	 17.918333
 120.497111	 17.996639
 120.472944	 18.031639
 120.469583	 18.089972
 120.510417	 18.135806
 120.517889	 18.200833
 120.596222	 18.337472
 120.594583	 18.409139
 120.561250	 18.493306
 120.621694	 18.547944
 120.697500	 18.531222
 120.758333	 18.540361
 120.786250	 18.572472
 120.777889	 18.619194
 120.841639	 18.652917
 120.897500	 18.574556
 120.935861	 18.561278
 121.030833	 18.624583
 121.056639	 18.610389
 121.104167	 18.631250
 121.165833	 18.622889
 121.362444	 18.493722
 121.404972	 18.487028
 121.453333	 18.457083
 121.432472	 18.437056
 121.464944	 18.450417
 121.604167	 18.375389
 121.665028	 18.249556
 121.682056	 18.265833
 121.626611	 18.366222
 121.898306	 18.272083
 122.005806	 18.289556
 122.096222	 18.369139
 122.099139	 18.386250
 122.127889	 18.383278
 122.122083	 18.429972
 122.144583	 18.509167
 122.162500	 18.523750
 122.231694	 18.521250
 122.247111	 18.451639
 122.319583	 18.380000
 122.335417	 18.313306
 122.318722	 18.249944
 122.257500	 18.170417
 122.215000	 18.153778
 122.192472	 18.116194
 122.178722	 18.117472
 122.164528	 18.084972
 122.187083	 18.020806
 122.176222	 17.960806
 122.187083	 17.904167
 122.162111	 17.880806
 122.166222	 17.847472
 122.150444	 17.840806
 122.156222	 17.818333
 122.137056	 17.782444
 122.165417	 17.702500
 122.155361	 17.684139
 122.164528	 17.604139
 122.194556	 17.502500
 122.250417	 17.414167
 122.235417	 17.402500
 122.252917	 17.390000
 122.245417	 17.368278
 122.284139	 17.364583
 122.292500	 17.336250
 122.320028	 17.346222
 122.350833	 17.337889
 122.369167	 17.357056
 122.390417	 17.329167
 122.374583	 17.319139
 122.395417	 17.315000
 122.398306	 17.294583
 122.410389	 17.303333
 122.392111	 17.343306
 122.405833	 17.337083
 122.442889	 17.266639
 122.439139	 17.244583
 122.427056	 17.285833
 122.413750	 17.282528
 122.428778	 17.218333
 122.409556	 17.173333
 122.414611	 17.145806
 122.430000	 17.127944
 122.477472	 17.117056
 122.506694	 17.144556
 122.520361	 17.130806
 122.526250	 17.099139
 122.509556	 17.039972
 122.485389	 17.020806
 122.462917	 16.969167
 122.474583	 16.951639
 122.455389	 16.904972
 122.462056	 16.887472
 122.429556	 16.835806
 122.432944	 16.799111
 122.297083	 16.554194
 122.275806	 16.526222
 122.246222	 16.514972
 122.226194	 16.460833
 122.197056	 16.435806
 122.218333	 16.397083
 122.241278	 16.423278
 122.223750	 16.359972
 122.189556	 16.335778
 122.178722	 16.305833
 122.193361	 16.291194
 122.233778	 16.311667
 122.202056	 16.239111
 122.066278	 16.119167
 122.071250	 16.092500
 122.048778	 16.067500
 121.987917	 16.030806
 122.026250	 16.106667
 122.090444	 16.169167
 122.092889	 16.205000
 122.125417	 16.225833
 122.137444	 16.259528
 122.083750	 16.260000
 122.060444	 16.223333
 122.077556	 16.190389
 122.017528	 16.180417
 121.934167	 16.126222
 121.868333	 16.122111
 121.779139	 16.063750
 121.759111	 16.077917
 121.739167	 16.070417
 121.661250	 16.004167
 121.650778	 15.974611
 121.624972	 15.967889
 121.552083	 15.899972
 121.552861	 15.782500
 121.577472	 15.753750
 121.601667	 15.763722
 121.635778	 15.752917
 121.637889	 15.705806
 121.609556	 15.706667
 121.608778	 15.686611
 121.587917	 15.673278
 121.611667	 15.672917
 121.613750	 15.649972
 121.582500	 15.633778
 121.528750	 15.548361
 121.492083	 15.526639
 121.473750	 15.419139
 121.454556	 15.413333
 121.429972	 15.365389
 121.395806	 15.382889
 121.372111	 15.338306
 121.377083	 15.296667
 121.418722	 15.215806
 121.460000	 15.203694
 121.481222	 15.178306
 121.504583	 15.058333
 121.566222	 14.969167
nan nan
 120.864139	 21.999583
 120.863333	 21.999583
 120.841222	 21.990000
 120.836222	 21.965806
 120.855833	 21.900389
 120.815833	 21.937889
 120.760806	 21.962083
 120.734139	 21.922889
 120.705389	 21.937472
 120.710417	 21.979972
 120.677111	 22.029972
 120.707083	 22.104139
 120.674556	 22.211639
 120.639583	 22.255806
 120.631194	 22.306639
 120.576694	 22.370389
 120.507500	 22.410389
 120.512500	 22.426222
 120.503333	 22.412028
 120.445833	 22.444556
 120.435389	 22.472472
 120.416222	 22.477500
 120.412472	 22.503750
 120.404194	 22.475417
 120.349222	 22.506222
 120.252056	 22.610000
 120.262500	 22.613750
 120.325833	 22.539556
 120.324583	 22.557472
 120.272917	 22.607444
 120.290028	 22.592083
 120.281250	 22.617500
 120.254972	 22.616250
 120.240389	 22.645000
 120.263694	 22.695833
 120.248750	 22.693306
 120.190361	 22.838306
 120.195000	 22.852889
 120.213778	 22.845778
 120.208750	 22.857500
 120.190806	 22.879583
 120.186222	 22.850806
 120.160389	 22.956667
 120.131222	 22.994972
 120.147500	 23.009556
 120.185833	 23.004556
 120.181250	 23.040028
 120.160778	 23.040389
 120.144167	 23.018722
 120.112528	 23.039583
 120.096639	 23.032056
 120.115000	 23.011194
 120.052944	 23.044944
 120.087472	 23.080444
 120.050806	 23.060389
 120.043306	 23.081222
 120.029611	 23.075806
 120.027889	 23.110778
 120.046667	 23.122889
 120.037472	 23.084556
 120.122083	 23.114139
 120.102083	 23.127472
 120.100000	 23.149556
 120.067861	 23.147472
 120.067944	 23.174167
 120.086250	 23.177500
 120.072917	 23.193306
 120.088750	 23.205000
 120.087889	 23.228306
 120.115389	 23.229167
 120.085444	 23.237472
 120.112083	 23.252472
 120.097083	 23.269972
 120.136222	 23.304167
 120.126222	 23.322472
 120.155000	 23.317917
 120.161222	 23.331667
 120.141222	 23.344139
 120.158750	 23.400000
 120.142056	 23.425806
 120.156250	 23.429972
 120.137083	 23.438333
 120.149167	 23.450417
 120.159139	 23.434556
 120.176250	 23.451667
 120.154194	 23.465417
 120.139556	 23.458333
 120.152056	 23.489944
 120.142500	 23.482056
 120.147472	 23.495389
 120.126222	 23.494972
 120.127083	 23.520778
 120.153722	 23.524944
 120.153750	 23.550000
 120.137083	 23.555806
 120.147861	 23.605833
 120.132500	 23.615389
 120.126222	 23.594194
 120.128750	 23.632472
 120.153778	 23.686667
 120.191250	 23.721639
 120.201194	 23.764972
 120.191222	 23.759972
 120.191222	 23.774194
 120.233361	 23.822917
 120.304972	 23.811222
 120.365417	 23.829194
 120.264583	 23.845833
 120.262944	 23.865000
 120.332056	 23.967472
 120.316250	 23.969167
 120.322111	 23.987472
 120.344167	 23.991250
 120.367083	 24.041667
 120.395000	 24.047917
 120.400417	 24.071694
 120.427917	 24.092500
 120.432889	 24.136667
 120.475361	 24.196639
 120.508722	 24.181639
 120.480417	 24.209139
 120.525389	 24.292472
 120.540361	 24.296667
 120.553722	 24.349972
 120.577056	 24.374139
 120.565389	 24.379167
 120.587889	 24.384167
 120.581278	 24.396611
 120.600444	 24.402472
 120.591222	 24.415000
 120.667917	 24.489111
 120.712944	 24.607472
 120.775000	 24.611222
 120.749583	 24.628333
 120.775861	 24.664528
 120.852056	 24.667500
 120.824556	 24.679194
 120.855417	 24.704972
 120.858722	 24.728333
 120.893778	 24.747472
 120.919583	 24.804972
 120.900389	 24.811667
 120.902056	 24.828306
 120.921667	 24.852889
 120.952917	 24.854972
 120.937917	 24.861639
 120.946222	 24.891639
 120.972861	 24.910861
 120.961222	 24.919167
 121.029611	 25.026639
 121.090833	 25.067056
 121.170000	 25.087083
 121.241611	 25.124583
 121.330861	 25.128722
 121.410806	 25.174611
 121.441083	 25.158583
 121.400389	 25.189972
 121.444528	 25.251667
 121.504972	 25.293750
 121.572500	 25.300444
 121.619972	 25.274583
 121.660806	 25.207917
 121.695861	 25.219583
 121.681278	 25.192444
 121.704167	 25.167889
 121.743750	 25.158306
 121.735806	 25.134556
 121.766611	 25.157917
 121.800000	 25.149556
 121.816639	 25.125417
 121.918306	 25.132917
 121.909556	 25.087500
 121.931250	 25.025833
 121.977500	 25.027889
 121.999583	 25.007444
 121.885806	 24.940389
 121.824528	 24.855000
 121.812083	 24.764972
 121.825389	 24.718306
 121.806250	 24.717472
 121.829556	 24.703306
 121.846250	 24.627472
 121.877861	 24.606667
 121.851250	 24.602500
 121.872083	 24.582472
 121.866222	 24.535000
 121.831194	 24.518278
 121.855417	 24.481639
 121.816639	 24.465417
 121.794583	 24.435806
 121.767028	 24.310806
 121.734556	 24.259111
 121.657083	 24.195833
 121.657917	 24.136667
 121.611194	 24.087500
 121.612889	 24.052472
 121.640389	 24.010000
 121.599556	 23.960000
 121.595389	 23.877500
 121.542889	 23.721667
 121.519556	 23.579194
 121.495389	 23.522472
 121.506250	 23.485000
 121.482056	 23.469972
 121.496222	 23.464167
 121.459583	 23.323306
 121.432056	 23.302500
 121.412944	 23.226667
 121.388750	 23.206639
 121.392056	 23.139111
 121.406222	 23.124972
 121.356250	 23.095000
 121.328722	 23.019972
 121.241444	 22.884944
 121.182278	 22.848250
 121.192222	 22.797444
 121.169694	 22.759917
 121.028500	 22.668667
 121.001417	 22.590750
 120.972056	 22.563333
 120.884556	 22.328333
 120.888694	 22.142472
 120.877111	 22.128333
 120.891306	 22.105806
 120.881250	 22.084194
 120.890361	 22.034111
 120.864139	 21.999583
nan nan
 127.997500	 26.510417
 127.993750	 26.506667
 128.001750	 26.482917
 127.939556	 26.458333
 127.950806	 26.437028
 127.866694	 26.455417
 127.832056	 26.429167
 127.879583	 26.380833
 127.875417	 26.358333
 127.925444	 26.300806
 127.897500	 26.304556
 127.862528	 26.342056
 127.834583	 26.328306
 127.847472	 26.312917
 127.812083	 26.298306
 127.818750	 26.279139
 127.757944	 26.204972
 127.776611	 26.172917
 127.823333	 26.190389
 127.831278	 26.165861
 127.746667	 26.116250
 127.725806	 26.089583
 127.680778	 26.073750
 127.660000	 26.080444
 127.672056	 26.149167
 127.636222	 26.198306
 127.655861	 26.215417
 127.693361	 26.192861
 127.665361	 26.217500
 127.683722	 26.224139
 127.706194	 26.271639
 127.726667	 26.268722
 127.761278	 26.308306
 127.712917	 26.440833
 127.740000	 26.422889
 127.773389	 26.446222
 127.800028	 26.436250
 127.805806	 26.455389
 127.846250	 26.481639
 127.844167	 26.504611
 127.875000	 26.512083
 127.887472	 26.501222
 127.917528	 26.516250
 127.933361	 26.543722
 127.965861	 26.542056
 127.985417	 26.577444
 127.926639	 26.610389
 127.916639	 26.600389
 127.897083	 26.609139
 127.879583	 26.643333
 127.894611	 26.659972
 127.873694	 26.684972
 127.876222	 26.711639
 127.904194	 26.698750
 127.955806	 26.707889
 127.974944	 26.687917
 127.971667	 26.697917
 128.009222	 26.687056
 127.983694	 26.650833
 128.007472	 26.631167
nan nan
 128.054583	 26.521639
 127.997500	 26.510417
nan nan
 121.799583	 14.934972
 121.836639	 15.041222
 121.889972	 15.029556
 121.929167	 15.060389
 121.937500	 15.042861
 121.956639	 15.058750
 121.972944	 15.051639
 121.969194	 15.039583
 121.991667	 15.047889
 122.017444	 15.032056
 122.007472	 15.009556
 122.048778	 15.006639
 122.055417	 14.954167
nan nan
 122.048333	 29.998750
 122.040833	 29.998750
 122.024139	 29.995361
 121.975417	 30.061583
nan nan
 122.342111	 30.019972
 122.311250	 29.975806
 122.318750	 29.946667
 122.284167	 29.942083
 122.165833	 29.993750
 122.121694	 29.990361
 122.104167	 30.008722
nan nan
 122.062500	 30.011222
 122.048333	 29.998750
nan nan
 123.662944	 24.301667
 123.662944	 24.304139
 123.687083	 24.304139
 123.685833	 24.327028
 123.710806	 24.308750
 123.705028	 24.344556
 123.716639	 24.322861
 123.731222	 24.335028
 123.750417	 24.290028
 123.745389	 24.337472
 123.762500	 24.340361
 123.760778	 24.328750
 123.764556	 24.339167
 123.742889	 24.360833
 123.753750	 24.367472
 123.742917	 24.384972
 123.766222	 24.418278
 123.773389	 24.430417
 123.813778	 24.403306
 123.816639	 24.382917
 123.832500	 24.401250
 123.863333	 24.388750
 123.874972	 24.397917
 123.887500	 24.377083
 123.941250	 24.354972
 123.929556	 24.308306
 123.905389	 24.313333
 123.905833	 24.267889
 123.856250	 24.283333
 123.884611	 24.269167
 123.879139	 24.247917
 123.755000	 24.272917
 123.726694	 24.292889
 123.720028	 24.271250
 123.683361	 24.275361
 123.662944	 24.301667
nan nan
 119.673778	 25.476694
 119.673750	 25.478278
 119.696667	 25.513750
 119.724194	 25.514611
 119.749944	 25.496250
 119.778750	 25.512500
 119.781250	 25.530778
 119.765056	 25.525417
 119.757444	 25.537083
 119.744139	 25.514583
 119.727472	 25.518722
 119.740389	 25.585806
 119.731639	 25.596250
 119.694944	 25.580417
 119.685417	 25.603333
 119.734972	 25.645389
 119.749111	 25.633722
 119.764139	 25.659583
 119.790806	 25.667083
 119.777889	 25.625861
 119.837056	 25.601667
 119.817056	 25.574167
 119.885417	 25.567500
 119.858278	 25.537889
 119.837472	 25.552056
 119.803722	 25.524972
 119.803333	 25.497861
 119.845000	 25.478722
 119.858722	 25.485000
 119.852861	 25.459167
 119.823361	 25.470444
 119.760806	 25.437944
 119.760417	 25.418361
 119.780361	 25.413333
 119.769139	 25.397083
 119.703722	 25.435778
 119.700389	 25.468333
 119.717472	 25.463722
 119.728333	 25.495389
 119.673778	 25.476694
nan nan
 124.070444	 24.424972
 124.070444	 24.425778
 124.078306	 24.447917
 124.120417	 24.441639
 124.116639	 24.476194
 124.144583	 24.461667
 124.139167	 24.437083
 124.223333	 24.448722
 124.229944	 24.492861
 124.257472	 24.512889
 124.279611	 24.499972
 124.296278	 24.534972
 124.283750	 24.555833
 124.312083	 24.603306
 124.340389	 24.601667
 124.335417	 24.563306
 124.307111	 24.540833
 124.283750	 24.481639
 124.253750	 24.459972
 124.260417	 24.405000
 124.239167	 24.337917
 124.215000	 24.350361
 124.194167	 24.327889
 124.161639	 24.327917
 124.110417	 24.359139
 124.139972	 24.396194
 124.144583	 24.385778
 124.143778	 24.405806
 124.123361	 24.427056
 124.086694	 24.409556
 124.070444	 24.424972
nan nan
 121.344583	 19.361667
 121.344583	 19.362472
 121.384972	 19.370417
 121.390028	 19.392889
 121.485806	 19.369556
 121.520778	 19.391250
 121.521250	 19.322528
 121.539556	 19.271667
 121.514972	 19.265389
 121.510806	 19.245389
 121.401639	 19.284556
 121.388750	 19.329139
 121.344583	 19.361667
nan nan
 121.890417	 18.999139
 121.891222	 19.000000
 121.943306	 19.002917
 121.990389	 18.956667
 121.949556	 18.928333
 121.953806	 18.909139
 121.939167	 18.895389
 121.889528	 18.870833
 121.874583	 18.827472
 121.851694	 18.814528
 121.833750	 18.826639
 121.825417	 18.876639
 121.867083	 18.890778
 121.847944	 18.925778
 121.867917	 18.947472
 121.866222	 18.977472
 121.890417	 18.999139
nan nan
 121.127889	 28.134111
 121.127889	 28.139167
 121.154194	 28.138722
 121.200833	 28.171194
 121.202472	 28.205389
 121.247444	 28.212889
 121.283116	 28.190935
 121.247111	 28.155806
 121.255389	 28.117528
 121.289583	 28.110000
 121.273722	 28.086639
 121.287944	 28.072500
 121.239194	 28.088722
 121.226250	 28.077500
 121.247083	 28.069972
 121.244972	 28.055389
 121.216667	 28.071222
 121.207889	 28.063333
 121.220000	 28.057056
 121.149972	 28.038722
 121.140417	 28.060833
 121.156222	 28.077472
 121.130389	 28.101667
 121.127889	 28.134111
nan nan
 125.255389	 24.749972
 125.255472	 24.752417
 125.264139	 24.764556
 125.269167	 24.747861
 125.286250	 24.748222
 125.258778	 24.790778
 125.283778	 24.808278
 125.279639	 24.833389
 125.297917	 24.832556
 125.257917	 24.904972
 125.269917	 24.898667
 125.271667	 24.909528
 125.314583	 24.834917
 125.338722	 24.818333
 125.337028	 24.795833
 125.438361	 24.756167
 125.472944	 24.714139
 125.457528	 24.725417
 125.372472	 24.724528
 125.310917	 24.707111
 125.299139	 24.729639
 125.297556	 24.714528
 125.280806	 24.720472
 125.255389	 24.749972
nan nan
 118.275417	 24.414167
 118.275361	 24.415833
 118.313750	 24.427472
 118.295000	 24.463722
 118.290806	 24.479583
 118.311667	 24.492056
 118.370806	 24.462056
 118.389556	 24.499167
 118.401250	 24.496639
 118.404917	 24.506250
 118.387917	 24.504167
 118.405000	 24.528722
 118.425000	 24.527056
 118.467917	 24.479167
 118.474583	 24.440000
 118.434972	 24.407917
 118.404972	 24.432056
 118.373278	 24.431250
 118.319944	 24.385389
 118.275417	 24.414167
nan nan
 118.062861	 24.460806
 118.062889	 24.461611
 118.109556	 24.481639
 118.106639	 24.494556
 118.078306	 24.476250
 118.067861	 24.488306
 118.092917	 24.521611
 118.084556	 24.533333
 118.107056	 24.534194
 118.101667	 24.552861
 118.134944	 24.534556
 118.159944	 24.540389
 118.164972	 24.518722
 118.191194	 24.528333
 118.195444	 24.483333
 118.130000	 24.422889
 118.081639	 24.436194
 118.062861	 24.460806
nan nan
 121.272889	 18.859139
 121.272917	 18.866639
 121.281639	 18.887083
 121.309972	 18.881222
 121.395833	 18.908778
 121.481222	 18.885000
 121.451639	 18.858694
 121.345833	 18.843722
 121.289111	 18.845389
 121.272889	 18.859139
nan nan
 122.045389	 29.720806
 122.045444	 29.723333
 122.070861	 29.778750
 122.122472	 29.795361
 122.149528	 29.734167
 122.169167	 29.733722
 122.206278	 29.694139
 122.179139	 29.653722
 122.173361	 29.680417
 122.162472	 29.662917
 122.150444	 29.665806
 122.156667	 29.683750
 122.132500	 29.668750
 122.137111	 29.690833
 122.109167	 29.702917
 122.105000	 29.722083
 122.068333	 29.730417
 122.045389	 29.720806
nan nan
 121.870389	 29.131639
 121.870389	 29.135000
 121.930806	 29.184556
 121.948306	 29.183722
 121.983778	 29.150806
 121.972944	 29.144139
 121.983806	 29.110806
 121.961222	 29.099972
 121.981194	 29.092472
 121.962056	 29.083306
 121.963306	 29.060389
 121.945000	 29.053722
 121.929528	 29.060833
 121.935833	 29.077083
 121.902500	 29.075389
 121.908750	 29.113333
 121.870389	 29.131639
nan nan
 121.780361	 20.718306
 121.780389	 20.723306
 121.812083	 20.763333
 121.833750	 20.826667
 121.869167	 20.832917
 121.881194	 20.813306
 121.867056	 20.785806
 121.875417	 20.763306
 121.855389	 20.753306
 121.848722	 20.719139
 121.803333	 20.689556
 121.780361	 20.718306
nan nan
 121.837056	 29.997500
 121.836972	 30.000000
 121.848722	 30.084083
nan nan
 121.927083	 30.003250
 121.872472	 29.969556
 121.847472	 29.974556
 121.837056	 29.997500
nan nan
 119.995889	 16.224556
 119.994944	 16.224556
 119.934972	 16.297944
 119.924139	 16.287944
 119.917083	 16.296639
 119.943306	 16.334583
 119.962889	 16.329139
 119.968333	 16.352056
 119.988306	 16.353722
 119.997111	 16.324972
 120.020417	 16.314972
 119.997917	 16.282472
 120.018750	 16.243333
 119.995889	 16.224556
nan nan
 121.890361	 19.539972
 121.890389	 19.543306
 121.971667	 19.574583
 121.993722	 19.552500
 121.992056	 19.509111
 121.957500	 19.476222
 121.900806	 19.515417
 121.890361	 19.539972
nan nan
 121.997472	 20.444556
 121.996611	 20.444556
 121.960444	 20.412500
 121.977917	 20.392472
 121.969583	 20.368333
 121.945000	 20.347861
 121.914167	 20.349556
 121.922917	 20.409972
 121.963722	 20.448333
 121.953694	 20.471667
 122.000000	 20.492056
 122.024167	 20.485417
 122.033722	 20.466639
 121.997472	 20.444556
nan nan
 119.274500	 25.468333
 119.274556	 25.474139
 119.303778	 25.545833
 119.347500	 25.578722
 119.356250	 25.551639
 119.328722	 25.483306
 119.345417	 25.435028
 119.314222	 25.436250
 119.299139	 25.415417
 119.274500	 25.468333
nan nan
 119.532889	 23.539972
 119.532861	 23.545806
 119.541667	 23.557083
 119.551151	 23.534392
 119.564167	 23.534583
 119.568333	 23.522083
 119.574167	 23.534528
 119.589139	 23.530389
 119.597083	 23.552500
 119.555833	 23.551222
 119.575389	 23.565806
 119.549944	 23.562056
 119.552917	 23.585778
 119.575806	 23.596250
 119.589139	 23.572056
 119.594583	 23.603306
 119.616639	 23.610389
 119.616667	 23.579556
 119.646639	 23.611194
 119.687083	 23.557500
 119.635000	 23.560389
 119.599528	 23.530833
 119.599972	 23.509556
 119.565000	 23.509583
 119.562500	 23.525389
 119.532889	 23.539972
nan nan
 121.194556	 19.067472
 121.194583	 19.075833
 121.218306	 19.172028
 121.246250	 19.106667
 121.247472	 19.013750
 121.194556	 19.067472
nan nan
 122.325389	 29.938278
 122.325389	 29.940000
 122.343306	 29.959583
 122.374972	 29.941222
 122.420417	 29.946639
 122.432056	 29.925833
 122.400361	 29.922472
 122.430000	 29.912944
 122.432139	 29.891611
 122.390417	 29.859972
 122.411250	 29.849972
 122.409167	 29.834556
 122.375361	 29.846667
 122.364556	 29.871667
 122.386222	 29.875833
 122.325389	 29.938278
nan nan
 126.707111	 26.361694
 126.707056	 26.363278
 126.780028	 26.391250
 126.821222	 26.351667
 126.803722	 26.325833
 126.817944	 26.294194
 126.779167	 26.305389
 126.756694	 26.342056
 126.707111	 26.361694
nan nan
 119.538778	 26.083278
 119.538750	 26.085000
 119.594167	 26.132111
 119.629583	 26.115000
 119.652944	 26.072472
 119.623333	 26.061250
 119.538778	 26.083278
nan nan
 121.490444	 22.082389
 121.491278	 22.083250
 121.560861	 22.088639
 121.568722	 22.061583
 121.556222	 22.051611
 121.591167	 22.024111
 121.586194	 22.004083
 121.525778	 22.026167
 121.500500	 22.047444
 121.490444	 22.082389
nan nan
 119.439556	 25.233361
 119.439556	 25.234167
 119.457500	 25.234611
 119.472528	 25.261222
 119.508306	 25.215417
 119.535806	 25.203778
 119.572500	 25.212056
 119.573750	 25.201667
 119.542083	 25.187500
 119.552500	 25.166222
 119.525000	 25.162056
 119.507056	 25.180806
 119.523722	 25.190861
 119.508333	 25.207111
 119.487528	 25.204583
 119.487528	 25.192028
 119.450833	 25.204556
 119.439556	 25.233361
nan nan
 122.219583	 29.835806
 122.219583	 29.837472
 122.259167	 29.852083
 122.314139	 29.833694
 122.319167	 29.822889
 122.294583	 29.817500
 122.325389	 29.781667
 122.306667	 29.771250
 122.279972	 29.784583
 122.219583	 29.835806
nan nan
 125.137944	 24.818361
 125.137889	 24.820889
 125.145917	 24.835444
 125.158694	 24.828306
 125.168333	 24.861194
 125.211667	 24.843750
 125.224611	 24.808306
 125.161639	 24.797889
 125.137944	 24.818361
nan nan
 121.781194	 29.127472
 121.781222	 29.130000
 121.787500	 29.152056
 121.869111	 29.146222
 121.867056	 29.130806
 121.889528	 29.115806
 121.858278	 29.091250
 121.781194	 29.127472
nan nan
 121.835361	 20.324167
 121.835361	 20.324972
 121.846639	 20.357056
 121.887917	 20.314972
 121.861667	 20.262083
 121.840417	 20.283278
 121.835361	 20.324167
nan nan
 121.038722	 27.949972
 121.038694	 27.954167
 121.071667	 27.987917
 121.073333	 27.977917
 121.121667	 27.986250
 121.147889	 27.962500
 121.091667	 27.940389
 121.087472	 27.959583
 121.038722	 27.949972
nan nan
 122.998333	 24.434556
 122.997500	 24.435417
 122.934611	 24.445833
 122.963361	 24.467889
 123.045417	 24.456639
 123.014167	 24.429583
 122.998333	 24.434556
nan nan
 121.929583	 29.909167
 121.929556	 29.916694
 121.940389	 29.944167
 121.965000	 29.957083
 121.998778	 29.916639
 121.993306	 29.902917
 121.947500	 29.894528
 121.929583	 29.909167
nan nan
 122.108778	 18.552500
 122.108722	 18.554167
 122.133306	 18.584583
 122.155417	 18.581694
 122.147056	 18.516639
 122.134111	 18.521222
 122.113333	 18.502083
 122.122889	 18.548306
 122.108778	 18.552500
nan nan
 121.085361	 27.821694
 121.087472	 27.823722
 121.121639	 27.852917
 121.150778	 27.842056
 121.157500	 27.860389
 121.192056	 27.868333
 121.183361	 27.838722
 121.168694	 27.845806
 121.173333	 27.815361
 121.143306	 27.830389
 121.125833	 27.816222
 121.085361	 27.821694
nan nan
 119.652861	 26.660000
 119.652889	 26.663278
 119.691639	 26.672861
 119.724972	 26.659556
 119.737444	 26.679556
 119.758722	 26.673306
 119.694194	 26.637917
 119.661694	 26.637917
 119.652861	 26.660000
nan nan
 122.000783	 29.816481
 122.027444	 29.824556
 122.034556	 29.809944
 122.000000	 29.768722
 121.966639	 29.772056
 121.970361	 29.800806
 122.000783	 29.816481
nan nan
 127.748722	 26.719972
 127.748750	 26.724972
 127.755000	 26.737917
 127.807444	 26.739583
 127.832889	 26.716639
 127.764972	 26.707056
 127.748722	 26.719972
nan nan
 119.906250	 16.402472
 119.906222	 16.405000
 119.914167	 16.429528
 119.933361	 16.430417
 119.960722	 16.377280
 119.908847	 16.391343
 119.906250	 16.402472
nan nan
 120.317111	 26.950833
 120.317083	 26.951639
 120.349972	 26.972083
 120.393778	 26.934972
 120.349944	 26.923750
 120.317111	 26.950833
nan nan
 128.000000	 27.067861
 127.999111	 27.067000
 127.992528	 27.044583
 127.945056	 27.018722
 127.938833	 27.000861
 127.932889	 27.021611
 127.950361	 27.044111
 127.995806	 27.092139
 128.020806	 27.095417
 128.000000	 27.067861
nan nan
 124.672944	 24.646611
 124.672917	 24.655806
 124.700806	 24.671250
 124.731222	 24.651639
 124.704944	 24.629583
 124.672944	 24.646611
nan nan
 119.460417	 23.562444
 119.460417	 23.564972
 119.495389	 23.580000
 119.484556	 23.594972
 119.503750	 23.649167
 119.534972	 23.642944
 119.510389	 23.628306
 119.510444	 23.566639
 119.460417	 23.562444
nan nan
 122.212056	 29.774167
 122.212056	 29.775833
 122.243306	 29.787056
 122.246639	 29.759583
 122.303278	 29.749583
 122.308750	 29.736639
 122.252472	 29.737083
 122.212056	 29.774167
nan nan
 120.844583	 27.973306
 120.845833	 27.974528
 120.908306	 27.977889
 120.924528	 27.963306
 120.893333	 27.945417
 120.844583	 27.973306
nan nan
 127.337917	 26.181639
 127.337889	 26.184167
 127.352917	 26.224972
 127.365806	 26.223750
 127.372889	 26.190000
 127.348361	 26.145417
 127.337917	 26.181639
nan nan
 118.207889	 24.412472
 118.207889	 24.413333
 118.228361	 24.449528
 118.266278	 24.444167
 118.240806	 24.411222
 118.207889	 24.412472
nan nan
 119.093750	 25.049167
 119.093750	 25.050028
 119.119528	 25.052444
 119.108278	 25.082889
 119.158361	 25.105389
 119.137083	 25.084139
 119.145389	 25.055806
 119.125833	 25.027889
 119.093750	 25.049167
nan nan
 119.542083	 23.662472
 119.542056	 23.665000
 119.591639	 23.677083
 119.604556	 23.650778
 119.591222	 23.640000
 119.602917	 23.635000
 119.580806	 23.622917
 119.572500	 23.662083
 119.556639	 23.652889
 119.542083	 23.662472
nan nan
 121.455194	 22.673250
 121.455194	 22.677444
 121.500611	 22.679528
 121.499722	 22.634500
 121.464806	 22.647028
 121.455194	 22.673250
nan nan
 127.915361	 26.944972
 127.916194	 26.945806
 127.937528	 26.957083
 127.956667	 26.947861
 127.955028	 26.912083
 127.923306	 26.917861
 127.915361	 26.944972
nan nan
 119.602279	 26.157486
 119.601222	 26.164167
 119.619167	 26.173750
 119.662917	 26.155833
 119.639139	 26.132889
 119.602279	 26.157486
nan nan
 119.566250	 26.738333
 119.566222	 26.740000
 119.590833	 26.749583
 119.634583	 26.740806
 119.609139	 26.716222
 119.566250	 26.738333
nan nan
 121.782056	 29.173333
 121.782083	 29.176639
 121.785000	 29.193750
 121.804972	 29.194556
 121.837917	 29.161611
 121.782056	 29.173333
nan nan
 121.785444	 29.080000
 121.785389	 29.082528
 121.810861	 29.103722
 121.837028	 29.089972
 121.827444	 29.055389
 121.785444	 29.080000
nan nan
 121.016222	 27.845806
 121.016222	 27.849139
 121.033333	 27.880389
 121.060861	 27.863694
 121.097889	 27.875833
 121.064139	 27.844611
 121.058306	 27.857917
 121.024194	 27.837056
 121.016222	 27.845806
nan nan
 122.373750	 29.999139
 122.373750	 30.000000
 122.376222	 30.026667
nan nan
 122.416250	 30.004972
 122.390417	 29.998306
 122.394111	 29.973750
 122.367944	 29.980778
 122.373750	 29.999139
nan nan
 122.010389	 29.157500
 122.010417	 29.159972
 122.014139	 29.177944
 122.036222	 29.184167
 122.032083	 29.210778
 122.051639	 29.207083
 122.040417	 29.185806
 122.070778	 29.182861
 122.065389	 29.173306
 122.010389	 29.157500
nan nan
 122.281250	 29.864111
 122.281222	 29.865833
 122.296667	 29.886222
 122.344583	 29.879972
 122.320806	 29.857917
 122.281250	 29.864111
nan nan
 123.753750	 24.049139
 123.753694	 24.050000
 123.779167	 24.066222
 123.812083	 24.057500
 123.794167	 24.038722
 123.753750	 24.049139
nan nan
 120.784139	 27.999556
 120.786694	 27.999556
 120.784972	 27.981250
 120.770000	 27.983750
 120.737917	 28.023306
 120.784139	 27.999556
nan nan
 120.114556	 26.567472
 120.114528	 26.570806
 120.150000	 26.605417
 120.165417	 26.600806
 120.162500	 26.573694
 120.130861	 26.555361
 120.114556	 26.567472
nan nan
 121.787056	 29.205806
 121.787083	 29.210778
 121.792056	 29.243333
 121.811611	 29.258750
 121.827083	 29.242500
 121.787056	 29.205806
nan nan
 119.911222	 26.144139
 119.911250	 26.148333
 119.917500	 26.174556
 119.934972	 26.155417
 119.968694	 26.168361
 119.944944	 26.142889
 119.911222	 26.144139
nan nan
 119.662917	 25.645000
 119.662917	 25.650861
 119.721194	 25.664972
 119.714972	 25.638722
 119.662917	 25.645000
nan nan
 123.999167	 24.247861
 124.000000	 24.247861
 124.031222	 24.235778
 124.009167	 24.212083
 123.992056	 24.233306
 123.999167	 24.247861
nan nan
 121.043806	 27.465000
 121.044972	 27.466222
 121.053389	 27.479583
 121.068750	 27.473306
 121.059139	 27.487111
 121.105444	 27.447500
 121.062500	 27.463778
 121.064972	 27.447083
 121.043806	 27.465000
nan nan
 121.188833	 27.999694
 121.190583	 27.999667
 121.232889	 27.991639
 121.180806	 27.966250
 121.167917	 27.985806
 121.188833	 27.999694
nan nan
 119.759556	 26.620000
 119.759583	 26.620806
 119.796639	 26.632917
 119.815417	 26.623306
 119.775806	 26.604556
 119.759556	 26.620000
nan nan
 121.867861	 28.497472
 121.867889	 28.501639
 121.895000	 28.515389
 121.895806	 28.500389
 121.913722	 28.497500
 121.887472	 28.472861
 121.869556	 28.479944
 121.885389	 28.499167
 121.867861	 28.497472
nan nan
 121.593722	 28.514972
 121.594194	 28.515361
 121.617472	 28.544556
 121.632111	 28.518333
 121.616611	 28.501222
 121.593722	 28.514972
nan nan
 120.025361	 26.495806
 120.027056	 26.497500
 120.034167	 26.522917
 120.066278	 26.525000
 120.063361	 26.501222
 120.025361	 26.495806
nan nan
 123.999194	 24.329583
 124.000000	 24.329583
 123.995861	 24.317056
 123.952861	 24.327472
 123.974222	 24.349528
 123.999194	 24.329583
nan nan
 119.999167	 26.220361
 119.998722	 26.219972
 119.966222	 26.193333
 119.966194	 26.219972
 119.993333	 26.237917
 120.015833	 26.205417
 119.999167	 26.220361
nan nan
 127.999556	 26.655806
 127.998628	 26.670229
 128.015056	 26.679611
nan nan
 128.033361	 26.646250
 127.999556	 26.655806
nan nan
 122.202917	 29.709111
 122.202917	 29.710833
 122.222472	 29.718750
 122.232500	 29.703750
 122.276667	 29.695389
 122.276250	 29.680833
 122.202917	 29.709111
nan nan
 118.293750	 24.560806
 118.295389	 24.562500
 118.343750	 24.562472
 118.332500	 24.542917
 118.293750	 24.560806
nan nan
 127.206278	 26.575806
 127.206278	 26.579167
 127.227500	 26.602889
 127.250444	 26.587472
 127.240917	 26.575361
 127.206278	 26.575806
nan nan
 119.558722	 25.642472
 119.558750	 25.644167
 119.570778	 25.638750
 119.610389	 25.669972
 119.583306	 25.633722
 119.558722	 25.642472
nan nan
 119.479528	 23.357500
 119.479556	 23.359111
 119.482889	 23.396667
 119.498361	 23.396250
 119.505389	 23.355778
 119.479528	 23.357500
nan nan
 120.342889	 22.324972
 120.342917	 22.327444
 120.353333	 22.349583
 120.381250	 22.349167
 120.358333	 22.323750
 120.342889	 22.324972
nan nan
 127.281278	 26.229139
 127.282083	 26.230000
 127.310833	 26.252056
 127.333778	 26.232500
 127.315000	 26.239556
 127.306639	 26.218778
 127.281278	 26.229139
nan nan
 119.403722	 23.214972
 119.403722	 23.215833
 119.441222	 23.221611
 119.424167	 23.189556
 119.403722	 23.214972
nan nan
 121.099583	 27.871639
 121.099583	 27.872500
 121.124139	 27.902917
 121.157889	 27.909167
 121.142917	 27.902472
 121.145000	 27.883694
 121.099583	 27.871639
nan nan
 121.843750	 28.732472
 121.844139	 28.732944
 121.849139	 28.752056
 121.907889	 28.762528
 121.861611	 28.741222
 121.869139	 28.729583
 121.843750	 28.732472
nan nan
 119.547889	 26.074139
 119.547861	 26.078306
 119.602917	 26.064139
 119.570028	 26.058722
 119.547889	 26.074139
nan nan
 119.903750	 26.688333
 119.903667	 26.690806
 119.946611	 26.696278
 119.934583	 26.675778
 119.943750	 26.664194
 119.903750	 26.688333
nan nan
 122.008750	 29.748333
 122.008750	 29.749194
 122.040417	 29.757500
 122.012472	 29.724583
 122.008750	 29.748333
nan nan
 122.135417	 29.973333
 122.135417	 29.975000
 122.164167	 29.990417
 122.184611	 29.966667
 122.135417	 29.973333
nan nan
 121.796278	 20.310806
 121.796194	 20.316667
 121.797861	 20.336639
 121.810833	 20.337889
 121.810361	 20.302472
 121.796278	 20.310806
nan nan
 120.012056	 23.479139
 120.012111	 23.480000
 120.044139	 23.537056
 120.017889	 23.474139
 120.022500	 23.437917
 120.012056	 23.479139
nan nan
 121.165361	 28.335833
 121.165417	 28.338278
 121.184944	 28.353750
 121.199556	 28.329167
 121.165361	 28.335833
nan nan
 121.832083	 28.775806
 121.832083	 28.777472
 121.861639	 28.816250
 121.873778	 28.802472
 121.832083	 28.775806
nan nan
 122.025417	 29.952500
 122.025389	 29.954972
 122.039944	 29.967056
 122.055389	 29.956667
 122.038306	 29.934556
 122.025417	 29.952500
nan nan
 121.661222	 28.891667
 121.661222	 28.892500
 121.702889	 28.904139
 121.690806	 28.884556
 121.661222	 28.891667
nan nan
 121.864583	 28.429972
 121.864556	 28.430833
 121.884944	 28.452917
 121.917028	 28.454139
 121.864583	 28.429972
nan nan
 127.968694	 26.358333
 127.968750	 26.367500
 127.989167	 26.383778
 127.996278	 26.363361
 127.968694	 26.358333
nan nan
 124.077861	 24.315000
 124.077889	 24.319194
 124.088306	 24.334583
 124.103778	 24.314167
 124.086667	 24.304556
 124.077861	 24.315000
nan nan
 119.783750	 15.805000
 119.783778	 15.815000
 119.802917	 15.808306
 119.794972	 15.781222
 119.783750	 15.805000
nan nan
 119.586250	 25.555833
 119.586278	 25.559972
 119.608278	 25.569556
 119.614556	 25.538333
 119.586250	 25.555833
nan nan
 119.870389	 25.593278
 119.870389	 25.595806
 119.873278	 25.608750
 119.892528	 25.595444
 119.895861	 25.611250
 119.902889	 25.591667
 119.870389	 25.593278
nan nan
 121.552889	 29.150806
 121.552861	 29.152472
 121.597500	 29.159583
 121.598667	 29.145000
 121.552889	 29.150806
nan nan
 119.695361	 25.367472
 119.695444	 25.370000
 119.720806	 25.382056
 119.732889	 25.366667
 119.705028	 25.357028
 119.695361	 25.367472
nan nan
 121.949583	 29.185806
 121.949556	 29.189111
 121.973333	 29.196250
 121.977917	 29.165778
 121.949583	 29.185806
nan nan
 121.758750	 28.695778
 121.760417	 28.697472
 121.760806	 28.708694
 121.775806	 28.693694
 121.804583	 28.706639
 121.789167	 28.682083
 121.758750	 28.695778
nan nan
 121.622083	 28.368306
 121.622028	 28.369972
 121.653361	 28.409556
 121.662861	 28.399139
 121.639556	 28.386667
 121.651250	 28.379139
 121.622083	 28.368306
nan nan
 122.174528	 29.422472
 122.174583	 29.424139
 122.219583	 29.442528
 122.191639	 29.417944
 122.176639	 29.412056
 122.174528	 29.422472
nan nan
 121.239611	 18.860833
 121.239556	 18.865806
 121.246639	 18.878722
 121.262028	 18.870778
 121.258278	 18.855389
 121.239611	 18.860833
nan nan
 122.128750	 29.957472
 122.128750	 29.959139
 122.153361	 29.968750
 122.165417	 29.957472
 122.148306	 29.947917
 122.128750	 29.957472
nan nan
 119.580389	 26.754972
 119.580389	 26.756639
 119.589972	 26.780417
 119.609194	 26.777083
 119.597472	 26.753750
 119.580389	 26.754972
nan nan
 119.900389	 15.525806
 119.900417	 15.526667
 119.928778	 15.528306
 119.911694	 15.510417
 119.900389	 15.525806
nan nan
 121.147083	 28.228306
 121.147083	 28.229167
 121.174611	 28.239167
 121.161694	 28.212917
 121.147083	 28.228306
nan nan
 121.059139	 27.998750
 121.057833	 28.000000
 121.080417	 28.005833
 121.038722	 27.985778
 121.059139	 27.998750
nan nan
 127.263722	 26.200028
 127.263750	 26.201639
 127.280861	 26.213694
 127.294528	 26.194944
 127.273306	 26.182083
 127.263722	 26.200028
nan nan
 120.512917	 27.154972
 120.512889	 27.156694
 120.528361	 27.182917
 120.529583	 27.153306
 120.512917	 27.154972
nan nan
 123.509556	 25.761667
 123.509583	 25.764139
 123.526667	 25.775389
 123.547944	 25.763306
 123.509556	 25.761667
nan nan
 120.280417	 26.934167
 120.280417	 26.936611
 120.320444	 26.939972
 120.310861	 26.927056
 120.280417	 26.934167
nan nan
 120.477083	 26.370028
 120.478694	 26.371639
 120.491667	 26.389583
 120.509583	 26.376667
 120.477083	 26.370028
nan nan
 127.135417	 26.366639
 127.135806	 26.367056
 127.149167	 26.382944
 127.161250	 26.362500
 127.144167	 26.349556
 127.135417	 26.366639
nan nan
 120.273722	 23.828333
 120.273778	 23.829139
 120.310389	 23.824167
 120.294972	 23.816278
 120.273722	 23.828333
nan nan
 121.494528	 28.077500
 121.494556	 28.084139
 121.526194	 28.105000
 121.522500	 28.087889
 121.494528	 28.077500
nan nan
 122.068333	 29.999583
 122.068722	 30.000000
 122.088722	 29.987528
 122.072444	 29.974556
 122.068333	 29.999583
nan nan
 119.686222	 25.324139
 119.686278	 25.326667
 119.699167	 25.344583
 119.710417	 25.323361
 119.688333	 25.308750
 119.686222	 25.324139
nan nan
 122.211222	 29.963333
 122.211222	 29.964111
 122.252889	 29.947472
 122.211222	 29.963333
nan nan
 121.124583	 27.801667
 121.125417	 27.802472
 121.153722	 27.819972
 121.143361	 27.789528
 121.124583	 27.801667
nan nan
 121.927861	 24.846667
 121.927917	 24.848306
 121.948306	 24.852889
 121.959639	 24.839139
 121.927861	 24.846667
nan nan
 127.855444	 26.646639
 127.855417	 26.648306
 127.875417	 26.651611
 127.863333	 26.628750
 127.855444	 26.646639
nan nan
 119.588694	 23.739139
 119.588694	 23.742472
 119.601694	 23.757889
 119.614556	 23.749139
 119.594944	 23.727917
 119.588694	 23.739139
nan nan
 125.232889	 24.930750
 125.232917	 24.931611
 125.246694	 24.935417
 125.258639	 24.919111
 125.232889	 24.930750
nan nan
 119.657889	 26.131611
 119.657917	 26.133333
 119.683722	 26.139972
 119.674167	 26.115389
 119.657889	 26.131611
nan nan
 120.963750	 27.664139
 120.963722	 27.665806
 120.984583	 27.665806
 120.969972	 27.647889
 120.963750	 27.664139
nan nan
 125.240472	 24.715806
 125.240417	 24.719972
 125.245778	 24.727917
 125.261194	 24.713306
 125.240472	 24.715806
nan nan
 122.104556	 29.968306
 122.104556	 29.969972
 122.122889	 29.980000
 122.119167	 29.962056
 122.104556	 29.968306
nan nan
 121.663722	 29.548333
 121.663722	 29.549139
 121.696222	 29.553306
 121.663722	 29.548333
nan nan
 119.526222	 25.600861
 119.527056	 25.601639
 119.535861	 25.632083
 119.541250	 25.608333
 119.526222	 25.600861
nan nan
 121.792083	 29.262472
 121.792056	 29.264139
 121.812889	 29.272444
 121.798306	 29.254556
 121.792083	 29.262472
nan nan
 121.630389	 28.475806
 121.630833	 28.476194
 121.649583	 28.480806
 121.655833	 28.455417
 121.630389	 28.475806
nan nan
 120.028778	 23.062500
 120.028722	 23.068333
 120.034777	 23.075850
 120.045056	 23.041250
 120.028778	 23.062500
nan nan
 127.943722	 26.353333
 127.943722	 26.355000
 127.965417	 26.341639
 127.947500	 26.339611
 127.943722	 26.353333
nan nan
 121.610417	 28.490778
 121.610389	 28.492500
 121.637944	 28.488306
 121.621639	 28.478750
 121.610417	 28.490778
nan nan
 119.463694	 25.336639
 119.467083	 25.340000
 119.483694	 25.352500
 119.485028	 25.332889
 119.463694	 25.336639
nan nan
 121.069528	 27.781639
 121.069556	 27.782500
 121.092111	 27.791639
 121.088306	 27.779556
 121.069528	 27.781639
nan nan
 121.910389	 28.716639
 121.910444	 28.719167
 121.938722	 28.721667
 121.919139	 28.703750
 121.910389	 28.716639
nan nan
 121.187083	 27.624139
 121.187889	 27.625000
 121.217889	 27.636639
 121.199167	 27.618750
 121.187083	 27.624139
nan nan
 124.681278	 24.749972
 124.682056	 24.750806
 124.695806	 24.756222
 124.709556	 24.738278
 124.681278	 24.749972
nan nan
 122.283750	 29.935833
 122.283750	 29.938361
 122.306222	 29.940028
 122.295806	 29.925417
 122.283750	 29.935833
nan nan
 119.966222	 25.948306
 119.966250	 25.949972
 119.995389	 25.969139
 119.966222	 25.948306
nan nan
 119.647056	 25.658306
 119.647056	 25.660833
 119.659167	 25.676250
 119.670389	 25.665833
 119.647056	 25.658306
nan nan
 121.502917	 19.435806
 121.502889	 19.437528
 121.506667	 19.452056
 121.516278	 19.425806
 121.502917	 19.435806
nan nan
 119.928722	 25.976639
 119.928722	 25.979972
 119.953722	 25.978306
 119.938333	 25.965389
 119.928722	 25.976639
nan nan
 121.514583	 29.114972
 121.514583	 29.123278
 121.538750	 29.117472
 121.514583	 29.114972
nan nan
 122.076194	 29.946694
 122.076250	 29.955806
 122.095361	 29.944972
 122.076194	 29.946694
nan nan
 119.794583	 26.684167
 119.794556	 26.685833
 119.824556	 26.676639
 119.810861	 26.668722
 119.794583	 26.684167
nan nan
 120.243778	 26.919167
 120.243722	 26.920778
 120.245861	 26.937083
 120.267861	 26.937528
 120.243778	 26.919167
nan nan
 119.499583	 23.488278
 119.499556	 23.489139
 119.536222	 23.496639
 119.499583	 23.488278
nan nan
 121.557917	 29.528306
 121.557889	 29.529972
 121.574167	 29.537889
 121.586222	 29.526667
 121.573306	 29.517889
 121.557917	 29.528306
nan nan
 121.554583	 29.240806
 121.554556	 29.241667
 121.582056	 29.233306
 121.560861	 29.227056
 121.554583	 29.240806
nan nan
 123.724556	 24.353278
 123.724583	 24.356611
 123.747111	 24.340806
 123.724556	 24.353278
nan nan
 127.950389	 26.321639
 127.950444	 26.322500
 127.968778	 26.322444
 127.960806	 26.307889
 127.950389	 26.321639
nan nan
 120.340389	 26.700833
 120.340361	 26.707500
 120.364556	 26.704972
 120.340389	 26.700833
nan nan
 120.389556	 17.502472
 120.389528	 17.507472
 120.411352	 17.514389
 120.389556	 17.502472
nan nan
 121.143778	 27.860833
 121.143778	 27.861694
 121.176250	 27.874167
 121.143778	 27.860833
nan nan
 127.931278	 26.247472
 127.932139	 26.248333
 127.948722	 26.258333
 127.940806	 26.240361
 127.931278	 26.247472
nan nan
 120.035389	 23.119972
 120.035472	 23.123306
 120.053333	 23.171278
 120.035389	 23.119972
nan nan
 119.943750	 16.353306
 119.943722	 16.362500
 119.962917	 16.366639
 119.943750	 16.353306
nan nan
 120.579611	 27.344194
 120.579583	 27.345806
 120.593333	 27.352917
 120.601194	 27.342500
 120.579611	 27.344194
nan nan
 121.949556	 29.201667
 121.949583	 29.205806
 121.958278	 29.217917
 121.968722	 29.199139
 121.949556	 29.201667
nan nan
 119.685389	 25.457500
 119.685361	 25.462500
 119.697917	 25.465806
 119.693333	 25.442917
 119.685389	 25.457500
nan nan
 122.252056	 29.879139
 122.253306	 29.880417
 122.270417	 29.869167
 122.256667	 29.865361
 122.252056	 29.879139
nan nan
 118.051250	 24.444167
 118.051250	 24.446667
 118.059944	 24.456250
 118.069556	 24.442472
 118.051250	 24.444167
nan nan
 119.913694	 15.487444
 119.913694	 15.491639
 119.920833	 15.502083
 119.940389	 15.488306
 119.913694	 15.487444
nan nan
 120.464528	 27.155806
 120.464611	 27.160000
 120.484583	 27.145000
 120.464528	 27.155806
nan nan
 121.335444	 28.094972
 121.336639	 28.096250
 121.367028	 28.112472
 121.335444	 28.094972
nan nan
 122.444583	 29.942444
 122.444583	 29.944167
 122.453278	 29.952917
 122.460833	 29.930417
 122.444583	 29.942444
nan nan
 120.107111	 16.112500
 120.107083	 16.114139
 120.112528	 16.124611
 120.123722	 16.115000
 120.107111	 16.112500
nan nan
 122.354583	 29.839167
 122.354556	 29.839972
 122.374194	 29.846194
 122.375389	 29.833306
 122.354583	 29.839167
nan nan
 127.999583	 26.386639
 127.999583	 26.385778
 127.987889	 26.392472
 128.000861	 26.401222
 127.999583	 26.386639
nan nan
 120.464611	 26.383333
 120.464611	 26.385833
 120.469139	 26.396250
 120.482083	 26.389194
 120.474972	 26.377083
 120.464611	 26.383333
nan nan
 119.511250	 23.364111
 119.511194	 23.367500
 119.536222	 23.367500
 119.511250	 23.364111
nan nan
 122.003750	 29.908333
 122.003722	 29.910806
 122.009944	 29.919556
 122.020417	 29.906639
 122.003750	 29.908333
nan nan
 121.918722	 20.702500
 121.918750	 20.704944
 121.932889	 20.715833
 121.932528	 20.699583
 121.918722	 20.702500
nan nan
 123.937083	 24.219139
 123.937083	 24.222472
 123.955361	 24.235028
 123.937083	 24.219139
nan nan
 122.017889	 29.611667
 122.017889	 29.612472
 122.032472	 29.628722
 122.017889	 29.611667
nan nan
 126.842917	 26.334167
 126.842889	 26.335833
 126.900417	 26.356611
 126.842917	 26.334167
nan nan
 127.231250	 26.174167
 127.231306	 26.176639
 127.244639	 26.177500
 127.242472	 26.162111
 127.231250	 26.174167
nan nan
 120.080417	 23.262500
 120.080389	 23.264167
 120.089167	 23.305417
 120.080417	 23.262500
nan nan
 121.632056	 28.431639
 121.632083	 28.433361
 121.667917	 28.429972
 121.632056	 28.431639
nan nan
 127.437056	 26.201667
 127.437056	 26.202472
 127.452472	 26.226250
 127.437056	 26.201667
nan nan
 120.059583	 23.190000
 120.059611	 23.192472
 120.078278	 23.238722
 120.059583	 23.190000
nan nan
 119.999194	 26.723750
 120.000000	 26.724556
 120.018750	 26.720000
 119.988750	 26.720833
 119.999194	 26.723750
nan nan
 120.095417	 23.305806
 120.095389	 23.308333
 120.115806	 23.336222
 120.095417	 23.305806
nan nan
 120.690417	 26.999111
 120.705028	 27.012056
 120.691611	 27.000000
 120.690417	 26.999111
nan nan
 122.171194	 29.798333
 122.171278	 29.799139
 122.197917	 29.795000
 122.171194	 29.798333
nan nan
 127.882944	 26.153306
 127.882917	 26.154972
 127.912083	 26.171639
 127.882944	 26.153306
nan nan
 119.511278	 25.269972
 119.511250	 25.271639
 119.517500	 25.283750
 119.529611	 25.270000
 119.511278	 25.269972
nan nan
 123.921222	 24.210806
 123.921222	 24.211667
 123.937917	 24.208306
 123.921222	 24.210806
nan nan
 121.104528	 27.913306
 121.104583	 27.914167
 121.120417	 27.924167
 121.104528	 27.913306
nan nan
 119.533750	 25.408333
 119.533750	 25.411667
 119.561250	 25.422472
 119.533750	 25.408333
nan nan
 119.657083	 23.260028
 119.657083	 23.260833
 119.670389	 23.264139
 119.664167	 23.247056
 119.657083	 23.260028
nan nan
 122.000000	 29.509583
 122.000833	 29.508722
 121.972944	 29.503278
 122.000000	 29.509583
nan nan
 120.117056	 26.696667
 120.117083	 26.697528
 120.137028	 26.690806
 120.117056	 26.696667
nan nan
 121.678722	 29.108333
 121.678750	 29.110000
 121.686694	 29.117056
 121.695361	 29.103333
 121.678722	 29.108333
nan nan
 120.330417	 23.825833
 120.330389	 23.826639
 120.359611	 23.827472
 120.330417	 23.825833
nan nan
 119.588722	 23.617472
 119.588750	 23.619167
 119.606194	 23.623361
 119.600806	 23.611250
 119.588722	 23.617472
nan nan
 119.978750	 26.268333
 119.978778	 26.271667
 119.991667	 26.284583
 119.978750	 26.268333
nan nan
 121.972056	 29.557500
 121.972083	 29.559167
 121.993722	 29.552444
 121.972056	 29.557500
nan nan
 120.135417	 26.799972
 120.138306	 26.802889
 120.160389	 26.800833
 120.135417	 26.799972
nan nan
 120.131222	 26.533306
 120.132528	 26.534556
 120.142528	 26.545417
 120.150417	 26.537472
 120.131222	 26.533306
nan nan
 118.136222	 24.340833
 118.136250	 24.341639
 118.145833	 24.322056
 118.136222	 24.340833
nan nan
 123.711250	 24.369194
 123.711639	 24.369583
 123.730417	 24.369139
 123.719167	 24.358694
 123.711250	 24.369194
nan nan
 119.657083	 25.410806
 119.657083	 25.411667
 119.665806	 25.427889
 119.657083	 25.410806
nan nan
 120.707056	 26.982472
 120.719972	 26.995417
 120.708306	 26.983694
 120.707056	 26.982472
nan nan
 121.925417	 29.041639
 121.925389	 29.044167
 121.948750	 29.049167
 121.925417	 29.041639
nan nan
 120.211250	 26.882500
 120.211222	 26.883306
 120.226278	 26.889972
 120.211250	 26.882500
nan nan
 121.674556	 28.375833
 121.674556	 28.376694
 121.684972	 28.392889
 121.692056	 28.381667
 121.674556	 28.375833
nan nan
 119.307944	 23.401639
 119.307861	 23.404167
 119.324611	 23.405806
 119.307944	 23.401639
nan nan
 127.281250	 26.182528
 127.281222	 26.183333
 127.297917	 26.177444
 127.281250	 26.182528
nan nan
 127.907889	 26.993306
 127.907861	 26.994167
 127.929583	 26.998361
 127.907889	 26.993306
nan nan
 119.817028	 15.735806
 119.817056	 15.738333
 119.831250	 15.743306
 119.817028	 15.735806
nan nan
 127.238750	 26.212500
 127.238750	 26.215833
 127.250389	 26.223306
 127.238750	 26.212500
nan nan
 122.180417	 29.820000
 122.180389	 29.822444
 122.197917	 29.809139
 122.180417	 29.820000
nan nan
 121.947056	 21.115833
 121.947056	 21.118361
 121.954167	 21.107889
 121.947056	 21.115833
nan nan
 119.580361	 25.377500
 119.580389	 25.379167
 119.593778	 25.385000
 119.589944	 25.366278
 119.580361	 25.377500
nan nan
 123.672056	 25.922472
 123.672083	 25.924944
 123.686250	 25.920000
 123.672056	 25.922472
nan nan
 118.817889	 24.869972
 118.817944	 24.871611
 118.837861	 24.865028
 118.826639	 24.857083
 118.817889	 24.869972
nan nan
 121.138694	 28.167444
 121.140361	 28.169139
 121.147472	 28.179556
 121.155389	 28.167500
 121.138694	 28.167444
nan nan
 121.126222	 27.763333
 121.126250	 27.765000
 121.141222	 27.762500
 121.126222	 27.763333
nan nan
 119.999556	 26.549139
 120.000000	 26.548722
 119.993306	 26.537056
 119.999556	 26.549139
nan nan
 121.215389	 28.345833
 121.215361	 28.347500
 121.239583	 28.353306
 121.215389	 28.345833
nan nan
 119.773722	 26.684167
 119.773722	 26.686639
 119.789583	 26.685806
 119.773722	 26.684167
nan nan
 121.673778	 28.288306
 121.673778	 28.290028
 121.684139	 28.293722
 121.685417	 28.279139
 121.673778	 28.288306
nan nan
 120.822083	 27.687472
 120.822111	 27.690000
 120.839556	 27.679944
 120.822083	 27.687472
nan nan
 121.247944	 18.887472
 121.247917	 18.890000
 121.268778	 18.883306
 121.247944	 18.887472
nan nan
 121.127056	 27.770861
 121.127861	 27.771611
 121.146167	 27.774944
 121.127056	 27.770861
nan nan
 120.401250	 27.097472
 120.401278	 27.100000
 120.422083	 27.107500
 120.401250	 27.097472
nan nan
 118.370417	 24.554972
 118.370389	 24.556611
 118.392056	 24.560778
 118.370417	 24.554972
nan nan
 121.854556	 29.163306
 121.854556	 29.164167
 121.875417	 29.167500
 121.854556	 29.163306
nan nan
 120.262056	 23.823306
 120.262083	 23.824972
 120.286250	 23.816639
 120.262056	 23.823306
nan nan
 121.911222	 20.931639
 121.911250	 20.934167
 121.930389	 20.922472
 121.911222	 20.931639
nan nan
 121.640417	 28.354972
 121.640417	 28.356639
 121.659556	 28.368333
 121.640417	 28.354972
nan nan
 121.966222	 29.343306
 121.966222	 29.345028
 121.982028	 29.352472
 121.978306	 29.337083
 121.966222	 29.343306
nan nan
 121.785389	 29.297472
 121.785389	 29.299139
 121.797917	 29.300806
 121.791667	 29.288694
 121.785389	 29.297472
nan nan
 123.814556	 24.466611
 123.814583	 24.470000
 123.828722	 24.465000
 123.814556	 24.466611
nan nan
 120.262056	 23.832472
 120.262056	 23.835000
 120.284583	 23.833333
 120.262056	 23.832472
nan nan
 121.654611	 29.067528
 121.654583	 29.068306
 121.677889	 29.060000
 121.654611	 29.067528
nan nan
 120.817056	 27.639139
 120.817111	 27.640000
 120.835389	 27.652500
 120.817056	 27.639139
nan nan
 122.067056	 25.629972
 122.067083	 25.634167
 122.080417	 25.635000
 122.067056	 25.629972
nan nan
 120.345389	 26.647472
 120.346639	 26.648722
 120.363750	 26.639972
 120.345389	 26.647472
nan nan
 121.628722	 28.225778
 121.628694	 28.232500
 121.642917	 28.234972
 121.628722	 28.225778
nan nan
 121.978722	 29.231639
 121.978694	 29.232500
 121.997111	 29.226611
 121.978722	 29.231639
nan nan
 120.110361	 23.350000
 120.110417	 23.352500
 120.124944	 23.372889
 120.110361	 23.350000
nan nan
 121.597083	 21.955000
 121.597083	 21.955806
 121.609556	 21.950000
 121.597083	 21.955000
nan nan
 121.168750	 28.387500
 121.168750	 28.388306
 121.177500	 28.377889
 121.168750	 28.387500
nan nan
 119.900417	 26.409167
 119.900361	 26.409972
 119.910806	 26.425389
 119.900417	 26.409167
nan nan
 119.799583	 26.570000
 119.799556	 26.571667
 119.815389	 26.575806
 119.811611	 26.564611
 119.799583	 26.570000
nan nan
 121.667111	 28.413306
 121.667472	 28.413750
 121.686194	 28.409972
 121.667111	 28.413306
nan nan
 122.141222	 29.614111
 122.144167	 29.617056
 122.157083	 29.625000
 122.141222	 29.614111
nan nan
 127.917917	 26.900806
 127.917917	 26.901667
 127.934528	 26.893306
 127.917917	 26.900806
nan nan
 120.027944	 16.198333
 120.027917	 16.199139
 120.039365	 16.193336
 120.027944	 16.198333
nan nan
 122.226250	 28.859944
 122.227861	 28.861611
 122.241250	 28.866694
 122.226250	 28.859944
nan nan
 121.648722	 28.422500
 121.648750	 28.424111
 121.669583	 28.422472
 121.648722	 28.422500
nan nan
 119.014528	 25.177500
 119.014556	 25.178306
 119.027139	 25.182500
 119.014528	 25.177500
nan nan
 122.158694	 29.806667
 122.158694	 29.807472
 122.175444	 29.809972
 122.158694	 29.806667
nan nan
 122.207917	 29.639972
 122.207917	 29.641639
 122.225444	 29.638306
 122.207917	 29.639972
nan nan
 120.668750	 28.040833
 120.668750	 28.044139
 120.687917	 28.041667
 120.668750	 28.040833
nan nan
 119.639528	 25.672472
 119.640389	 25.673333
 119.658722	 25.684972
 119.639528	 25.672472
nan nan
 127.307917	 26.210806
 127.307944	 26.212472
 127.313333	 26.197056
 127.307917	 26.210806
nan nan
 121.103778	 27.473333
 121.103750	 27.477472
 121.118750	 27.468333
 121.103778	 27.473333
nan nan
 121.395417	 28.081639
 121.395389	 28.087472
 121.407083	 28.092500
 121.395417	 28.081639
nan nan
 127.287083	 26.166667
 127.287111	 26.169167
 127.296278	 26.173306
 127.293278	 26.158750
 127.287083	 26.166667
nan nan
 122.011250	 29.887472
 122.011278	 29.892472
 122.014744	 29.881461
 122.011250	 29.887472
nan nan
 121.570444	 28.275806
 121.570417	 28.277444
 121.584556	 28.273306
 121.570444	 28.275806
nan nan
 122.180444	 29.460000
 122.180444	 29.460833
 122.192889	 29.466667
 122.193306	 29.456222
 122.180444	 29.460000
nan nan
 119.442944	 24.994167
 119.442944	 24.994972
 119.457917	 24.984167
 119.442944	 24.994167
nan nan
 122.000000	 29.237889
 122.002472	 29.237917
 122.003361	 29.227083
 122.000000	 29.237889
nan nan
 121.213722	 27.614972
 121.213750	 27.618306
 121.225444	 27.620861
 121.213722	 27.614972
nan nan
 122.000000	 29.411250
 121.999167	 29.412028
 122.014583	 29.413306
 122.000000	 29.411250
nan nan
 119.541278	 26.066694
 119.542056	 26.067472
 119.555389	 26.059167
 119.541278	 26.066694
nan nan
 121.799611	 28.602444
 121.801222	 28.604139
 121.819583	 28.610833
 121.799611	 28.602444
nan nan
 121.812889	 28.759139
 121.812889	 28.760000
 121.829556	 28.769139
 121.812889	 28.759139
nan nan
 119.633722	 26.719972
 119.633722	 26.720833
 119.657972	 26.724139
 119.633722	 26.719972
nan nan
 120.312917	 23.831667
 120.314139	 23.832889
 120.328778	 23.828333
 120.312917	 23.831667
nan nan
 121.071222	 27.434139
 121.072056	 27.435028
 121.086222	 27.428333
 121.071222	 27.434139
nan nan
 121.882917	 29.164167
 121.882944	 29.165778
 121.903694	 29.170806
 121.882917	 29.164167
nan nan
 120.146278	 26.555000
 120.147889	 26.556694
 120.162111	 26.559139
 120.146278	 26.555000
nan nan
 121.145417	 28.264944
 121.145389	 28.270806
 121.158722	 28.259972
 121.145417	 28.264944
nan nan
 119.600444	 23.251694
 119.600417	 23.253278
 119.614556	 23.249167
 119.600444	 23.251694
nan nan
 122.441222	 29.956639
 122.441194	 29.959972
 122.453722	 29.954972
 122.441222	 29.956639
nan nan
 121.200389	 27.613306
 121.200417	 27.614972
 121.213750	 27.622472
 121.200389	 27.613306
nan nan
 122.222083	 29.742472
 122.222056	 29.745000
 122.237917	 29.734944
 122.222083	 29.742472
nan nan
 121.620389	 28.465778
 121.620361	 28.467500
 121.635417	 28.461639
 121.620389	 28.465778
nan nan
 121.139583	 28.019167
 121.139972	 28.019556
 121.158750	 28.024167
 121.139583	 28.019167
nan nan
 120.130389	 26.491639
 120.130444	 26.493306
 120.143778	 26.497472
 120.130389	 26.491639
nan nan
 118.166222	 24.647444
 118.166222	 24.648306
 118.178722	 24.655833
 118.166222	 24.647444
nan nan
 126.816250	 26.335833
 126.816222	 26.337472
 126.832889	 26.339972
 126.816250	 26.335833
nan nan
 120.035444	 16.206639
 120.035472	 16.209167
 120.041667	 16.219556
 120.035444	 16.206639
nan nan
 119.640361	 26.706667
 119.640417	 26.708306
 119.654611	 26.714139
 119.640361	 26.706667
nan nan
 120.657861	 27.506667
 120.657889	 27.511639
 120.672083	 27.512500
 120.657861	 27.506667
nan nan
 120.897056	 27.699167
 120.900389	 27.702500
 120.910389	 27.694972
 120.897056	 27.699167
nan nan
 119.667917	 25.766639
 119.667917	 25.768361
 119.681222	 25.765806
 119.667917	 25.766639
nan nan
 122.316250	 29.841611
 122.316222	 29.842472
 122.330000	 29.831194
 122.316250	 29.841611
nan nan
 119.574583	 25.668306
 119.574611	 25.669972
 119.588750	 25.679972
 119.574583	 25.668306
nan nan
 119.999139	 26.248722
 120.010417	 26.247472
 120.000000	 26.248472
 119.999139	 26.248722
nan nan
 121.827917	 18.905806
 121.827917	 18.907528
 121.837056	 18.899139
 121.827917	 18.905806
nan nan
 121.896278	 20.905833
 121.896250	 20.907500
 121.905389	 20.901639
 121.896278	 20.905833
nan nan
 121.776222	 20.335806
 121.776278	 20.338333
 121.788722	 20.331639
 121.776222	 20.335806
nan nan
 121.754611	 25.157472
 121.754583	 25.160000
 121.770361	 25.161694
 121.754611	 25.157472
nan nan
 119.335389	 25.318306
 119.335417	 25.319167
 119.345361	 25.321667
 119.335389	 25.318306
nan nan
 127.363750	 26.241667
 127.363750	 26.242472
 127.370861	 26.222889
 127.363750	 26.241667
nan nan
 121.691194	 29.091667
 121.691278	 29.095778
 121.704556	 29.083306
 121.691194	 29.091667
nan nan
 120.547083	 27.247472
 120.547056	 27.248333
 120.563778	 27.244167
 120.547083	 27.247472
nan nan
 120.371250	 26.961667
 120.372083	 26.962472
 120.388750	 26.959972
 120.371250	 26.961667
nan nan
 121.665417	 18.271639
 121.665361	 18.273306
 121.671667	 18.259583
 121.665417	 18.271639
nan nan
 122.207111	 29.695000
 122.207083	 29.696667
 122.226222	 29.691667
 122.207111	 29.695000
nan nan
 120.382917	 17.795000
 120.382944	 17.796639
 120.392083	 17.799972
 120.382917	 17.795000
nan nan
 118.155417	 24.392472
 118.155361	 24.395000
 118.169583	 24.386639
 118.155417	 24.392472
nan nan
 121.161167	 27.630000
 121.161250	 27.633306
 121.174556	 27.630861
 121.161167	 27.630000
nan nan
 120.882944	 27.709972
 120.883750	 27.710833
 120.897917	 27.714139
 120.882944	 27.709972
nan nan
 122.124611	 29.964944
 122.124583	 29.971667
 122.142083	 29.968333
 122.124611	 29.964944
nan nan
 127.917056	 26.320806
 127.917056	 26.321667
 127.931250	 26.312472
 127.917056	 26.320806
nan nan
 121.209556	 27.819972
 121.209528	 27.824167
 121.224583	 27.827500
 121.209556	 27.819972
nan nan
 122.040417	 29.984139
 122.040417	 29.986667
 122.052056	 29.982500
 122.040417	 29.984139
nan nan
 121.243750	 28.045861
 121.243750	 28.049972
 121.253694	 28.054111
 121.243750	 28.045861
nan nan
 119.954583	 26.646667
 119.955389	 26.647500
 119.970417	 26.647472
 119.954583	 26.646667
nan nan
 121.378694	 28.124139
 121.379972	 28.125417
 121.397889	 28.132500
 121.378694	 28.124139
nan nan
 122.137056	 19.961667
 122.137111	 19.962528
 122.144139	 19.952917
 122.137056	 19.961667
nan nan
 122.221250	 29.809111
 122.223722	 29.811639
 122.235417	 29.805028
 122.221250	 29.809111
nan nan
 122.204528	 29.728333
 122.204528	 29.730000
 122.217111	 29.723306
 122.204528	 29.728333
nan nan
 119.021250	 25.040806
 119.021222	 25.042472
 119.032917	 25.034972
 119.021250	 25.040806
nan nan
 119.723722	 26.358333
 119.723750	 26.359194
 119.742917	 26.362472
 119.723722	 26.358333
nan nan
 121.156222	 28.247444
 121.156250	 28.248306
 121.164167	 28.256278
 121.156222	 28.247444
nan nan
 118.757056	 24.829194
 118.757056	 24.829972
 118.773722	 24.827500
 118.757056	 24.829194
nan nan
 122.186222	 29.760833
 122.186278	 29.762500
 122.198722	 29.765833
 122.186222	 29.760833
nan nan
 119.756250	 25.300833
 119.756250	 25.301639
 119.764139	 25.293694
 119.756250	 25.300833
nan nan
 122.252917	 28.891694
 122.252917	 28.892472
 122.262917	 28.886639
 122.252917	 28.891694
nan nan
 127.942083	 26.977472
 127.942056	 26.978333
 127.962889	 26.974972
 127.942083	 26.977472
nan nan
 119.631222	 26.119972
 119.631250	 26.121639
 119.640417	 26.114111
 119.631222	 26.119972
nan nan
 121.654611	 18.293306
 121.654611	 18.294972
 121.663361	 18.278750
 121.654611	 18.293306
nan nan
 119.530389	 25.364944
 119.530417	 25.366667
 119.544556	 25.373306
 119.530389	 25.364944
nan nan
 127.810389	 26.645806
 127.810444	 26.649139
 127.823750	 26.644139
 127.810389	 26.645806
nan nan
 119.504583	 23.255833
 119.504583	 23.259139
 119.515417	 23.264139
 119.504583	 23.255833
nan nan
 119.793750	 26.600833
 119.793750	 26.602472
 119.803778	 26.605833
 119.793750	 26.600833
nan nan
 120.379556	 17.528333
 120.379528	 17.530806
 120.387180	 17.532413
 120.379556	 17.528333
nan nan
 121.927917	 21.065806
 121.927889	 21.069194
 121.937861	 21.069139
 121.927917	 21.065806
nan nan
 122.004583	 29.896639
 122.004611	 29.900833
 122.015444	 29.902472
 122.004583	 29.896639
nan nan
 119.505389	 23.655000
 119.505472	 23.656667
 119.517056	 23.652500
 119.505389	 23.655000
nan nan
 121.657889	 28.409194
 121.657889	 28.413306
 121.667917	 28.417472
 121.657889	 28.409194
nan nan
 121.397056	 28.054139
 121.397139	 28.055000
 121.411250	 28.060000
 121.397056	 28.054139
nan nan
 123.597083	 25.740000
 123.597111	 25.741667
 123.609583	 25.741611
 123.597083	 25.740000
nan nan
 121.403722	 28.043333
 121.405000	 28.044556
 121.410000	 28.033722
 121.403722	 28.043333
nan nan
 119.887889	 15.498278
 119.888722	 15.499139
 119.898750	 15.496639
 119.887889	 15.498278
nan nan
 122.225444	 29.665806
 122.225444	 29.666611
 122.241222	 29.660000
 122.225444	 29.665806
nan nan
 122.014556	 29.717472
 122.014556	 29.719139
 122.025417	 29.723361
 122.014556	 29.717472
nan nan
 119.366250	 25.120833
 119.366250	 25.124167
 119.377056	 25.121639
 119.366250	 25.120833
nan nan
 119.854556	 25.591639
 119.861667	 25.600389
 119.855417	 25.592500
 119.854556	 25.591639
nan nan
 120.806278	 27.693306
 120.807111	 27.694167
 120.820444	 27.697472
 120.806278	 27.693306
nan nan
 117.999139	 24.435333
 118.000000	 24.435389
 118.010417	 24.432500
 117.999139	 24.435333
nan nan
 122.221278	 29.653306
 122.222444	 29.654556
 122.232056	 29.648333
 122.221278	 29.653306
nan nan
 119.041278	 25.106639
 119.042500	 25.107889
 119.057139	 25.104972
 119.041278	 25.106639
nan nan
 119.577083	 25.253306
 119.577056	 25.254167
 119.585028	 25.243778
 119.577083	 25.253306
nan nan
 120.112056	 26.828333
 120.112056	 26.830833
 120.129556	 26.833306
 120.112056	 26.828333
nan nan
 122.082889	 29.979111
 122.082861	 29.981639
 122.094583	 29.981639
 122.082889	 29.979111
nan nan
 121.221194	 28.265806
 121.221639	 28.266194
 121.233722	 28.263306
 121.221194	 28.265806
nan nan
 121.913778	 28.462472
 121.913722	 28.466667
 121.923778	 28.455000
 121.913778	 28.462472
nan nan
 119.357889	 25.334111
 119.357917	 25.334972
 119.374583	 25.329139
 119.357889	 25.334111
nan nan
 119.941222	 16.342444
 119.941222	 16.345833
 119.950389	 16.339972
 119.941222	 16.342444
nan nan
 121.272861	 28.063306
 121.272917	 28.064972
 121.287861	 28.066639
 121.272861	 28.063306
nan nan
 123.555444	 24.185000
 123.555444	 24.185806
 123.572917	 24.190833
 123.555444	 24.185000
nan nan
 119.644611	 25.442472
 119.644583	 25.447472
 119.654528	 25.440806
 119.644611	 25.442472
nan nan
 121.798750	 28.752472
 121.798778	 28.754944
 121.812083	 28.760000
 121.798750	 28.752472
nan nan
 119.615389	 26.127472
 119.615361	 26.129139
 119.635417	 26.124139
 119.615389	 26.127472
nan nan
 121.637111	 18.339944
 121.637083	 18.341667
 121.646639	 18.326250
 121.637111	 18.339944
nan nan
 119.384528	 25.438333
 119.384583	 25.439944
 119.391667	 25.447056
 119.384528	 25.438333
nan nan
 121.956278	 29.893333
 121.957417	 29.894556
 121.977917	 29.892472
 121.956278	 29.893333
nan nan
 119.586222	 25.242500
 119.586222	 25.243306
 119.597889	 25.244972
 119.586222	 25.242500
nan nan
 120.879583	 24.753278
 120.879583	 24.756667
 120.887472	 24.766250
 120.879583	 24.753278
nan nan
 122.228694	 29.684167
 122.228694	 29.685833
 122.238361	 29.676278
 122.228694	 29.684167
nan nan
 123.589556	 25.750833
 123.589556	 25.752500
 123.598778	 25.746667
 123.589556	 25.750833
nan nan
 121.393750	 28.095833
 121.393778	 28.096694
 121.402444	 28.104583
 121.393750	 28.095833
nan nan
 119.801250	 25.447500
 119.801278	 25.449139
 119.810000	 25.438722
 119.801250	 25.447500
nan nan
 120.601222	 28.028306
 120.601694	 28.028722
 120.617083	 28.024167
 120.601222	 28.028306
nan nan
 120.385417	 17.518306
 120.385417	 17.520833
 120.396250	 17.520000
 120.385417	 17.518306
nan nan
 120.126250	 23.444944
 120.126278	 23.446667
 120.135417	 23.438306
 120.126250	 23.444944
nan nan
 118.394583	 24.549972
 118.395000	 24.550389
 118.408750	 24.554944
 118.394583	 24.549972
nan nan
 127.338722	 26.134194
 127.343333	 26.147083
 127.339556	 26.135000
 127.338722	 26.134194
nan nan
 118.072056	 24.503306
 118.072083	 24.504167
 118.079944	 24.515417
 118.072056	 24.503306
nan nan
 121.593750	 28.562472
 121.593750	 28.563333
 121.605417	 28.568333
 121.593750	 28.562472
nan nan
 119.567889	 25.265000
 119.567889	 25.265778
 119.577917	 25.270833
 119.567889	 25.265000
nan nan
 121.906194	 28.391639
 121.906250	 28.393361
 121.917028	 28.398306
 121.906194	 28.391639
nan nan
 120.315472	 26.652472
 120.316639	 26.653694
 120.327083	 26.655778
 120.315472	 26.652472
nan nan
 119.561222	 26.639972
 119.561250	 26.640833
 119.575417	 26.644194
 119.561222	 26.639972
nan nan
 118.990389	 25.179167
 118.999167	 25.188722
 118.991222	 25.180000
 118.990389	 25.179167
nan nan
 121.057861	 27.445833
 121.057833	 27.446694
 121.067944	 27.440000
 121.057861	 27.445833
nan nan
 119.954556	 16.403333
 119.954583	 16.405000
 119.963750	 16.410778
 119.954556	 16.403333
nan nan
 121.975444	 29.477472
 121.975444	 29.478333
 121.987917	 29.471667
 121.975444	 29.477472
nan nan
 122.169556	 29.404972
 122.169556	 29.405833
 122.182056	 29.405833
 122.169556	 29.404972
nan nan
 120.096250	 23.296667
 120.098306	 23.298694
 120.102528	 23.287889
 120.096250	 23.296667
nan nan
 127.541222	 26.264167
 127.541194	 26.265833
 127.557111	 26.262472
 127.541222	 26.264167
nan nan
 121.843722	 28.426667
 121.843722	 28.427444
 121.856222	 28.433361
 121.843722	 28.426667
nan nan
 120.377056	 26.687500
 120.377500	 26.687889
 120.384611	 26.680806
 120.377056	 26.687500
nan nan
 120.934611	 27.664167
 120.934611	 27.665806
 120.946278	 27.663306
 120.934611	 27.664167
nan nan
 121.682028	 28.796667
 121.682056	 28.798333
 121.697917	 28.798306
 121.682028	 28.796667
nan nan
 121.859583	 28.466611
 121.859556	 28.468333
 121.871194	 28.469972
 121.859583	 28.466611
nan nan
 121.609528	 29.538333
 121.609556	 29.540833
 121.621222	 29.540806
 121.609528	 29.538333
nan nan
 121.126194	 28.258333
 121.126222	 28.259139
 121.135417	 28.265861
 121.126194	 28.258333
nan nan
 119.543750	 26.650833
 119.543722	 26.652500
 119.555444	 26.651667
 119.543750	 26.650833
nan nan
 121.841194	 28.841639
 121.841250	 28.842500
 121.852917	 28.847528
 121.841194	 28.841639
nan nan
 119.619528	 25.674167
 119.619528	 25.677472
 119.629583	 25.677472
 119.619528	 25.674167
nan nan
 120.132056	 23.386667
 120.132083	 23.393306
 120.134111	 23.405389
 120.132056	 23.386667
nan nan
 119.931222	 26.623306
 119.931250	 26.624111
 119.938333	 26.613722
 119.931222	 26.623306
nan nan
 122.129556	 29.984972
 122.129556	 29.985778
 122.141278	 29.988333
 122.129556	 29.984972
nan nan
 119.588694	 25.191667
 119.588722	 25.192472
 119.600444	 25.194167
 119.588694	 25.191667
nan nan
 119.652889	 26.030806
 119.652917	 26.031667
 119.662944	 26.025806
 119.652889	 26.030806
nan nan
 121.762111	 28.984139
 121.762056	 28.987528
 121.772917	 28.985778
 121.762111	 28.984139
nan nan
 120.911222	 27.689139
 120.912083	 27.690000
 120.922083	 27.693306
 120.911222	 27.689139
nan nan
 120.082056	 26.820833
 120.082028	 26.821639
 120.097972	 26.826667
 120.082056	 26.820833
nan nan
 121.121194	 27.472472
 121.121222	 27.474139
 121.131250	 27.470778
 121.121194	 27.472472
nan nan
 119.466250	 24.981639
 119.466250	 24.982500
 119.477861	 24.978333
 119.466250	 24.981639
nan nan
 119.877056	 26.414167
 119.877083	 26.414972
 119.884167	 26.423750
 119.877056	 26.414167
nan nan
 121.051250	 27.635833
 121.051250	 27.636639
 121.061194	 27.639972
 121.051250	 27.635833
nan nan
 121.711222	 28.915806
 121.712500	 28.917083
 121.725444	 28.920806
 121.711222	 28.915806
nan nan
 119.638750	 26.739167
 119.638722	 26.740833
 119.649583	 26.740806
 119.638750	 26.739167
nan nan
 124.147083	 24.454972
 124.147056	 24.458306
 124.153361	 24.447889
 124.147083	 24.454972
nan nan
 121.805417	 28.598306
 121.805389	 28.600778
 121.817056	 28.603306
 121.805417	 28.598306
nan nan
 122.157861	 29.610000
 122.157917	 29.610806
 122.171222	 29.610028
 122.157861	 29.610000
nan nan
 122.240389	 28.884972
 122.240389	 28.885833
 122.252917	 28.884167
 122.240389	 28.884972
nan nan
 121.737889	 29.601667
 121.737889	 29.603333
 121.751222	 29.605806
 121.737889	 29.601667
nan nan
 121.857083	 28.612528
 121.858306	 28.613722
 121.869556	 28.617500
 121.857083	 28.612528
nan nan
 121.407056	 23.125000
 121.407083	 23.125806
 121.418750	 23.129972
 121.407056	 23.125000
nan nan
 119.647861	 23.663278
 119.647889	 23.664139
 119.658750	 23.665000
 119.647861	 23.663278
nan nan
 120.132056	 23.492500
 120.132083	 23.494111
 120.142944	 23.495000
 120.132056	 23.492500
nan nan
 119.546278	 23.720833
 119.546639	 23.721222
 119.550000	 23.710389
 119.546278	 23.720833
nan nan
 118.149528	 24.379972
 118.149556	 24.382472
 118.159556	 24.380000
 118.149528	 24.379972
nan nan
 120.297889	 23.832500
 120.297861	 23.833333
 120.310389	 23.830806
 120.297889	 23.832500
nan nan
 119.552944	 26.634167
 119.552889	 26.634972
 119.562944	 26.636694
 119.552944	 26.634167
nan nan
 122.416194	 29.878306
 122.416194	 29.879167
 122.426250	 29.873306
 122.416194	 29.878306
nan nan
 121.967028	 29.411611
 121.967111	 29.414139
 121.975444	 29.405833
 121.967028	 29.411611
nan nan
 122.172083	 29.986694
 122.172056	 29.987500
 122.182500	 29.977083
 122.172083	 29.986694
nan nan
 120.609583	 28.029944
 120.609556	 28.031667
 120.620417	 28.030833
 120.609583	 28.029944
nan nan
 119.002111	 25.217472
 119.002056	 25.219111
 119.012028	 25.220028
 119.002111	 25.217472
nan nan
 121.641222	 28.550000
 121.641694	 28.550417
 121.652056	 28.546667
 121.641222	 28.550000
nan nan
 121.892917	 28.398306
 121.895000	 28.400361
 121.906222	 28.402472
 121.892917	 28.398306
nan nan
 121.636222	 28.415000
 121.636194	 28.416639
 121.646250	 28.419167
 121.636222	 28.415000
nan nan
 120.097083	 26.610833
 120.098333	 26.612056
 120.108778	 26.610778
 120.097083	 26.610833
nan nan
 120.214556	 26.339139
 120.214611	 26.340000
 120.223333	 26.347111
 120.214556	 26.339139
nan nan
 119.941222	 26.174139
 119.941250	 26.174972
 119.951250	 26.171639
 119.941222	 26.174139
nan nan
 119.715417	 26.239194
 119.715389	 26.240000
 119.725417	 26.244167
 119.715417	 26.239194
nan nan
 119.728694	 26.355833
 119.728722	 26.356694
 119.739556	 26.357500
 119.728694	 26.355833
nan nan
 120.106250	 26.742500
 120.106222	 26.744167
 120.117861	 26.744972
 120.106250	 26.742500
